nios2-terminal: connected to hardware target using JTAG UART on cable
nios2-terminal: "USB-Blaster [USB-0]", device 1, instance 0
nios2-terminal: (Use the IDE stop button or Ctrl-C to terminate)

Interrupt method selected. 
Period, Pulse_Width, BG_Tasks Run, Latency, Missed, Multiple 

Please, press PB0 to continue.
Interrupt method selected. 
Period, Pulse_Width, BG_Tasks Run, Latency, Missed, Multiple 

Please, press PB0 to continue.
Tight polling method selected. 
Period, Pulse_Width, BG_Tasks Run, Latency, Missed, Multiple 

Please, press PB0 to continue.
2, 1, 8130, 4, 51364, 0
4, 2, 7307, 6, 35139, 1820
6, 3, 1, 8, 57841, 3245
8, 4, 27, 8, 3385, 0
10, 5, 8771, 8, 32672, 0
12, 6, 1, 11, 11782, 0
14, 7, 1, 8, 46972, 0
16, 8, 3705, 12, 45570, 0
18, 9, 1, 16, 34462, 0
20, 10, 7882, 15, 24804, 0
22, 11, 6607, 16, 11193, 0
24, 12, 6152, 20, 8309, 0
26, 13, 1, 20, 61226, 0
28, 14, 7757, 20, 62435, 0
30, 15, 1, 22, 58035, 0
32, 16, 1, 23, 51152, 0
34, 17, 6613, 25, 54222, 0
36, 18, 8095, 27, 48582, 0
38, 19, 1, 31, 37509, 0
40, 20, 5442, 31, 43086, 0
42, 21, 1, 29, 38961, 0
44, 22, 1, 35, 37064, 0
46, 23, 1, 37, 35257, 0
48, 24, 9229, 41, 38459, 0
50, 25, 5441, 44, 33384, 0
52, 26, 8225, 44, 32926, 0
54, 27, 1, 48, 26162, 0
56, 28, 6685, 49, 27801, 0
58, 29, 1, 49, 25572, 0
60, 30, 4840, 51, 27420, 0
62, 31, 8927, 53, 29018, 0
64, 32, 1, 53, 25974, 0
66, 33, 1841, 57, 27572, 0
68, 34, 10, 61, 28569, 0
70, 35, 4067, 58, 25745, 0
72, 36, 1805, 63, 25224, 0
74, 37, 1, 66, 26313, 0
76, 38, 1, 69, 21698, 0
78, 39, 7855, 66, 20716, 0
80, 40, 3753, 71, 20638, 0
82, 41, 3298, 77, 20512, 0
84, 42, 7031, 72, 20588, 0
86, 43, 8805, 77, 20170, 0
88, 44, 5554, 83, 16669, 0
90, 45, 6522, 82, 18478, 0
92, 46, 7093, 86, 18912, 0
94, 47, 1, 85, 15278, 0
96, 48, 1, 85, 14578, 0
98, 49, 1, 88, 13847, 0
100, 50, 8169, 91, 17972, 0
102, 51, 8013, 93, 17627, 0
104, 52, 7945, 95, 16881, 0
106, 53, 7935, 97, 15873, 0
108, 54, 4798, 96, 13384, 0
110, 55, 4960, 98, 12898, 0
112, 56, 5055, 92, 12489, 0
114, 57, 8619, 102, 14249, 0
116, 58, 8474, 103, 13537, 0
118, 59, 8332, 105, 12939, 0
120, 60, 1, 91, 7215, 0
122, 61, 8064, 106, 11804, 0
124, 62, 7936, 102, 11114, 0
126, 63, 6010, 102, 9617, 0
128, 64, 6153, 97, 9233, 0
130, 65, 6245, 102, 8908, 0
132, 66, 6218, 101, 8709, 0
134, 67, 6445, 101, 8262, 0
136, 68, 1, 74, 3626, 0
138, 69, 1, 85, 3249, 0
140, 70, 1, 80, 2884, 0
142, 71, 1, 78, 2529, 0
144, 72, 1, 92, 3914, 0
146, 73, 1, 86, 2620, 0
148, 74, 1, 80, 2762, 0
150, 75, 1, 89, 3045, 0
152, 76, 1, 116, 3394, 0
154, 77, 1, 114, 3943, 0
156, 78, 1, 108, 1947, 0
158, 79, 1, 109, 4, 0
160, 80, 6028, 110, 6319, 0
162, 81, 1, 74, 765, 0
164, 82, 6023, 115, 6027, 0
166, 83, 5952, 119, 5954, 0
168, 84, 5882, 118, 5884, 0
170, 85, 5814, 112, 5815, 0
172, 86, 7314, 134, 7316, 0
174, 87, 7526, 140, 7527, 0
176, 88, 7958, 133, 7959, 0
178, 89, 7330, 136, 7332, 0
180, 90, 8357, 141, 8358, 0
182, 91, 8738, 155, 8739, 0
184, 92, 9242, 163, 9243, 0
186, 93, 9331, 168, 9332, 0
188, 94, 9418, 157, 9419, 0
190, 95, 9505, 176, 9506, 0
192, 96, 1, 63, 3, 0
194, 97, 1, 62, 3, 0
196, 98, 1, 87, 3, 0
198, 99, 1, 70, 3, 0
200, 100, 1, 73, 3, 0
202, 101, 1, 70, 3, 0
204, 102, 1, 69, 3, 0
206, 103, 1, 70, 3, 0
208, 104, 1, 66, 3, 0
210, 105, 1, 73, 2, 0
212, 106, 1, 67, 2, 0
214, 107, 1, 69, 2, 0
216, 108, 1, 72, 2, 0
218, 109, 1, 73, 2, 0
220, 110, 1, 67, 2, 0
222, 111, 1, 74, 2, 0
224, 112, 1, 70, 2, 0
226, 113, 1, 73, 2, 0
228, 114, 1, 60, 2, 0
230, 115, 1, 53, 2, 0
232, 116, 1, 60, 2, 0
234, 117, 1, 67, 2, 0
236, 118, 1, 73, 2, 0
238, 119, 1, 73, 2, 0
240, 120, 5449, 156, 2816, 0
242, 121, 8195, 190, 4287, 0
244, 122, 5568, 145, 2563, 0
246, 123, 5561, 147, 2505, 0
248, 124, 8000, 183, 3570, 0
250, 125, 5450, 147, 2487, 0
252, 126, 5256, 143, 2620, 0
254, 127, 7813, 176, 2921, 0
256, 128, 7752, 175, 2712, 0
258, 129, 7692, 167, 2505, 0
260, 130, 7634, 169, 2302, 0
262, 131, 7575, 166, 2102, 0
264, 132, 7519, 172, 1906, 0
266, 133, 7463, 166, 1712, 0
268, 134, 7407, 166, 1521, 0
270, 135, 7353, 154, 1332, 0
272, 136, 7299, 160, 1147, 0
274, 137, 7246, 152, 964, 0
276, 138, 7194, 158, 784, 0
278, 139, 7143, 143, 606, 0
280, 140, 7092, 144, 431, 0
282, 141, 7042, 146, 258, 0
284, 142, 6993, 119, 88, 0
286, 143, 7325, 113, 1527, 0
288, 144, 7111, 156, 648, 0
290, 145, 7205, 153, 1071, 0
292, 146, 7298, 142, 1488, 0
294, 147, 6757, 155, 2701, 0
296, 148, 6712, 173, 3353, 0
298, 149, 6667, 169, 2931, 0
300, 150, 6623, 162, 2836, 0
302, 151, 6579, 172, 2882, 0
304, 152, 6536, 172, 2903, 0
306, 153, 6494, 165, 2714, 0
308, 154, 6452, 169, 2675, 0
310, 155, 6411, 185, 2764, 0
312, 156, 6370, 189, 2996, 0
314, 157, 6330, 180, 3163, 0
316, 158, 6290, 181, 3143, 0
318, 159, 6251, 176, 3075, 0
320, 160, 6212, 172, 2909, 0
322, 161, 6173, 177, 2860, 0
324, 162, 6531, 164, 2178, 0
326, 163, 6523, 169, 2058, 0
328, 164, 6316, 163, 2307, 0
330, 165, 3618, 181, 2407, 0
332, 166, 3746, 167, 2244, 0
334, 167, 3908, 161, 2045, 0
336, 168, 4001, 164, 1918, 0
338, 169, 4181, 157, 1703, 0
340, 170, 4309, 135, 1539, 0
342, 171, 4446, 147, 1369, 0
344, 172, 4591, 130, 1191, 0
346, 173, 4703, 121, 1046, 0
348, 174, 4874, 114, 842, 0
350, 175, 5013, 103, 670, 0
352, 176, 5150, 94, 500, 0
354, 177, 5287, 84, 332, 0
356, 178, 5422, 79, 166, 0
358, 179, 5555, 76, 2, 0
360, 180, 5525, 102, 1, 0
362, 181, 5494, 70, 2, 0
364, 182, 5463, 73, 3, 0
366, 183, 5435, 74, 1, 0
368, 184, 5406, 75, 1, 0
370, 185, 5377, 80, 1, 0
372, 186, 5347, 70, 2, 0
374, 187, 5319, 74, 2, 0
376, 188, 5290, 80, 3, 0
378, 189, 5264, 73, 1, 0
380, 190, 5235, 67, 2, 0
382, 191, 5209, 63, 1, 0
384, 192, 5182, 72, 1, 0
386, 193, 5155, 68, 1, 0
388, 194, 5129, 71, 1, 0
390, 195, 5103, 79, 1, 0
392, 196, 5077, 74, 1, 0
394, 197, 5051, 69, 1, 0
396, 198, 5026, 74, 1, 0
398, 199, 5001, 72, 1, 0
400, 200, 4976, 73, 1, 0
402, 201, 4951, 70, 1, 0
404, 202, 4927, 70, 1, 0
406, 203, 4902, 65, 1, 0
408, 204, 7836, 133, 58, 0
410, 205, 4855, 76, 1, 0
412, 206, 4831, 68, 1, 0
414, 207, 1, 61, 0, 0
416, 208, 1, 66, 0, 0
418, 209, 1, 81, 0, 0
420, 210, 1, 73, 0, 0
422, 211, 1, 72, 0, 0
424, 212, 1, 70, 0, 0
426, 213, 1, 73, 0, 0
428, 214, 1, 81, 0, 0
430, 215, 1, 68, 0, 0
432, 216, 1, 75, 0, 0
434, 217, 1, 79, 0, 0
436, 218, 1, 70, 0, 0
438, 219, 1, 74, 0, 0
440, 220, 1, 75, 0, 0
442, 221, 1, 73, 0, 0
444, 222, 1, 65, 0, 0
446, 223, 1, 64, 0, 0
448, 224, 1, 65, 0, 0
450, 225, 1, 68, 0, 0
452, 226, 1, 84, 0, 0
454, 227, 1, 45, 0, 0
456, 228, 1, 99, 0, 0
458, 229, 1, 95, 0, 0
460, 230, 1, 83, 0, 0
462, 231, 1, 74, 0, 0
464, 232, 1, 77, 0, 0
466, 233, 1, 72, 0, 0
468, 234, 1, 65, 0, 0
470, 235, 1, 81, 0, 0
472, 236, 1, 74, 0, 0
474, 237, 1, 70, 0, 0
476, 238, 1, 74, 0, 0
478, 239, 1, 66, 0, 0
480, 240, 1, 77, 0, 0
482, 241, 1, 69, 0, 0
484, 242, 1, 80, 0, 0
486, 243, 1, 70, 0, 0
488, 244, 1, 54, 0, 0
490, 245, 1, 70, 0, 0
492, 246, 1, 81, 0, 0
494, 247, 1, 73, 0, 0
496, 248, 1, 73, 0, 0
498, 249, 1, 73, 0, 0
500, 250, 1, 71, 0, 0
502, 251, 1, 74, 0, 0
504, 252, 1, 87, 0, 0
506, 253, 1, 73, 0, 0
508, 254, 1, 65, 0, 0
510, 255, 1, 75, 0, 0
512, 256, 1, 73, 0, 0
514, 257, 1, 68, 0, 0
516, 258, 1, 71, 0, 0
518, 259, 1, 69, 0, 0
520, 260, 1, 66, 0, 0
522, 261, 1, 77, 0, 0
524, 262, 1, 47, 0, 0
526, 263, 1, 65, 0, 0
528, 264, 1, 93, 0, 0
530, 265, 1, 73, 0, 0
532, 266, 1, 73, 0, 0
534, 267, 1, 80, 0, 0
536, 268, 1, 72, 0, 0
538, 269, 1, 76, 0, 0
540, 270, 1, 80, 0, 0
542, 271, 1, 84, 0, 0
544, 272, 1, 78, 0, 0
546, 273, 1, 75, 0, 0
548, 274, 1, 70, 0, 0
550, 275, 1, 77, 0, 0
552, 276, 1, 74, 0, 0
554, 277, 1, 70, 0, 0
556, 278, 1, 75, 0, 0
558, 279, 1, 72, 0, 0
560, 280, 1, 70, 0, 0
562, 281, 1, 63, 0, 0
564, 282, 1, 89, 0, 0
566, 283, 1, 74, 0, 0
568, 284, 1, 73, 0, 0
570, 285, 1, 67, 0, 0
572, 286, 1, 74, 0, 0
574, 287, 1, 62, 0, 0
576, 288, 1, 72, 0, 0
578, 289, 1, 75, 0, 0
580, 290, 1, 74, 0, 0
582, 291, 1, 73, 0, 0
584, 292, 1, 72, 0, 0
586, 293, 1, 73, 0, 0
588, 294, 1, 72, 0, 0
590, 295, 1, 71, 0, 0
592, 296, 1, 71, 0, 0
594, 297, 1, 70, 0, 0
596, 298, 1, 64, 0, 0
598, 299, 1, 61, 0, 0
600, 300, 1, 53, 0, 0
602, 301, 1, 78, 0, 0
604, 302, 1, 101, 0, 0
606, 303, 1, 70, 0, 0
608, 304, 1, 74, 0, 0
610, 305, 1, 74, 0, 0
612, 306, 1, 70, 0, 0
614, 307, 1, 82, 0, 0
616, 308, 1, 71, 0, 0
618, 309, 3227, 65, 0, 0
620, 310, 3217, 77, 0, 0
622, 311, 1, 72, 0, 0
624, 312, 3196, 78, 0, 0
626, 313, 3186, 78, 0, 0
628, 314, 3176, 77, 0, 0
630, 315, 3166, 77, 0, 0
632, 316, 3156, 65, 0, 0
634, 317, 3146, 73, 0, 0
636, 318, 3136, 75, 0, 0
638, 319, 3127, 69, 0, 0
640, 320, 3117, 73, 0, 0
642, 321, 3107, 74, 0, 0
644, 322, 3097, 68, 0, 0
646, 323, 3088, 77, 0, 0
648, 324, 3078, 74, 0, 0
650, 325, 3069, 74, 0, 0
652, 326, 3060, 65, 0, 0
654, 327, 3050, 64, 0, 0
656, 328, 3041, 66, 0, 0
658, 329, 3032, 108, 0, 0
660, 330, 3023, 84, 0, 0
662, 331, 3014, 81, 0, 0
664, 332, 3005, 72, 0, 0
666, 333, 2996, 70, 0, 0
668, 334, 2987, 78, 0, 0
670, 335, 2978, 74, 0, 0
672, 336, 2969, 73, 0, 0
674, 337, 2960, 80, 0, 0
676, 338, 2951, 74, 0, 0
678, 339, 2943, 78, 0, 0
680, 340, 2934, 65, 0, 0
682, 341, 2925, 77, 0, 0
684, 342, 2917, 71, 0, 0
686, 343, 2908, 72, 0, 0
688, 344, 2900, 71, 0, 0
690, 345, 2892, 72, 0, 0
692, 346, 2883, 66, 0, 0
694, 347, 2875, 93, 0, 0
696, 348, 2867, 68, 0, 0
698, 349, 2859, 77, 0, 0
700, 350, 2851, 76, 0, 0
702, 351, 2842, 75, 0, 0
704, 352, 2834, 70, 0, 0
706, 353, 2826, 81, 0, 0
708, 354, 2818, 79, 0, 0
710, 355, 2810, 70, 0, 0
712, 356, 2803, 82, 0, 0
714, 357, 2795, 72, 0, 0
716, 358, 2787, 74, 0, 0
718, 359, 2779, 79, 0, 0
720, 360, 2772, 71, 0, 0
722, 361, 2764, 80, 0, 0
724, 362, 2756, 74, 0, 0
726, 363, 2749, 73, 0, 0
728, 364, 2741, 68, 0, 0
730, 365, 2734, 57, 0, 0
732, 366, 2726, 63, 0, 0
734, 367, 2719, 81, 0, 0
736, 368, 2712, 77, 0, 0
738, 369, 2704, 73, 0, 0
740, 370, 2697, 65, 0, 0
742, 371, 2690, 66, 0, 0
744, 372, 2682, 72, 0, 0
746, 373, 2675, 72, 0, 0
748, 374, 2668, 72, 0, 0
750, 375, 2661, 72, 0, 0
752, 376, 2654, 71, 0, 0
754, 377, 2647, 76, 0, 0
756, 378, 2640, 86, 0, 0
758, 379, 2633, 72, 0, 0
760, 380, 2626, 75, 0, 0
762, 381, 2619, 71, 0, 0
764, 382, 2612, 70, 0, 0
766, 383, 2606, 64, 0, 0
768, 384, 2599, 83, 0, 0
770, 385, 2592, 81, 0, 0
772, 386, 2585, 69, 0, 0
774, 387, 2579, 67, 0, 0
776, 388, 2572, 77, 0, 0
778, 389, 2566, 71, 0, 0
780, 390, 2559, 72, 0, 0
782, 391, 2553, 76, 0, 0
784, 392, 2546, 72, 0, 0
786, 393, 2540, 71, 0, 0
788, 394, 2533, 71, 0, 0
790, 395, 2527, 66, 0, 0
792, 396, 2520, 72, 0, 0
794, 397, 2514, 67, 0, 0
796, 398, 2508, 77, 0, 0
798, 399, 2502, 65, 0, 0
800, 400, 2495, 81, 0, 0
802, 401, 2489, 53, 0, 0
804, 402, 2483, 76, 0, 0
806, 403, 2477, 117, 0, 0
808, 404, 2471, 81, 0, 0
810, 405, 2465, 74, 0, 0
812, 406, 2459, 81, 0, 0
814, 407, 2452, 76, 0, 0
816, 408, 2446, 82, 0, 0
818, 409, 2441, 79, 0, 0
820, 410, 2435, 75, 0, 0
822, 411, 2429, 76, 0, 0
824, 412, 2423, 70, 0, 0
826, 413, 4833, 69, 0, 0
828, 414, 2411, 74, 0, 0
830, 415, 4809, 72, 0, 0
832, 416, 4799, 81, 0, 0
834, 417, 4787, 74, 0, 0
836, 418, 4775, 71, 0, 0
838, 419, 4763, 75, 0, 0
840, 420, 4753, 73, 0, 0
842, 421, 4741, 74, 0, 0
844, 422, 4731, 76, 0, 0
846, 423, 4719, 72, 0, 0
848, 424, 4707, 75, 0, 0
850, 425, 4697, 69, 0, 0
852, 426, 4685, 67, 0, 0
854, 427, 4675, 78, 0, 0
856, 428, 4665, 71, 0, 0
858, 429, 4653, 75, 0, 0
860, 430, 4643, 82, 0, 0
862, 431, 4631, 66, 0, 0
864, 432, 4621, 77, 0, 0
866, 433, 4611, 79, 0, 0
868, 434, 4599, 73, 0, 0
870, 435, 4589, 76, 0, 0
872, 436, 4579, 73, 0, 0
874, 437, 4569, 75, 0, 0
876, 438, 4557, 78, 0, 0
878, 439, 4547, 72, 0, 0
880, 440, 4537, 72, 0, 0
882, 441, 4527, 72, 0, 0
884, 442, 4517, 76, 0, 0
886, 443, 4507, 75, 0, 0
888, 444, 4497, 72, 0, 0
890, 445, 4487, 72, 0, 0
892, 446, 4477, 69, 0, 0
894, 447, 4467, 89, 0, 0
896, 448, 4457, 63, 0, 0
898, 449, 4447, 73, 0, 0
900, 450, 4437, 73, 0, 0
902, 451, 4427, 67, 0, 0
904, 452, 4417, 68, 0, 0
906, 453, 4407, 69, 0, 0
908, 454, 4397, 72, 0, 0
910, 455, 4387, 71, 0, 0
912, 456, 4379, 76, 0, 0
914, 457, 4369, 73, 0, 0
916, 458, 4359, 73, 0, 0
918, 459, 4349, 72, 0, 0
920, 460, 4341, 73, 0, 0
922, 461, 4331, 72, 0, 0
924, 462, 4321, 71, 0, 0
926, 463, 4313, 72, 0, 0
928, 464, 4303, 78, 0, 0
930, 465, 4293, 65, 0, 0
932, 466, 4285, 57, 0, 0
934, 467, 4275, 68, 0, 0
936, 468, 4267, 78, 0, 0
938, 469, 4257, 65, 0, 0
940, 470, 4249, 75, 0, 0
942, 471, 4239, 75, 0, 0
944, 472, 4231, 71, 0, 0
946, 473, 4221, 72, 0, 0
948, 474, 4213, 73, 0, 0
950, 475, 4203, 71, 0, 0
952, 476, 4195, 73, 0, 0
954, 477, 4187, 74, 0, 0
956, 478, 4177, 70, 0, 0
958, 479, 4169, 73, 0, 0
960, 480, 4161, 71, 0, 0
962, 481, 4151, 68, 0, 0
964, 482, 4143, 79, 0, 0
966, 483, 4135, 75, 0, 0
968, 484, 4125, 79, 0, 0
970, 485, 4117, 64, 0, 0
972, 486, 4109, 75, 0, 0
974, 487, 4101, 77, 0, 0
976, 488, 4091, 77, 0, 0
978, 489, 4083, 75, 0, 0
980, 490, 4075, 75, 0, 0
982, 491, 4067, 74, 0, 0
984, 492, 4059, 74, 0, 0
986, 493, 4051, 75, 0, 0
988, 494, 4043, 77, 0, 0
990, 495, 4035, 69, 0, 0
992, 496, 4027, 77, 0, 0
994, 497, 4019, 70, 0, 0
996, 498, 4011, 70, 0, 0
998, 499, 4003, 68, 0, 0
1000, 500, 3995, 70, 0, 0
1002, 501, 3987, 59, 0, 0
1004, 502, 3979, 77, 0, 0
1006, 503, 3971, 62, 0, 0
1008, 504, 3963, 58, 0, 0
1010, 505, 3955, 68, 0, 0
1012, 506, 3947, 78, 0, 0
1014, 507, 3939, 72, 0, 0
1016, 508, 3931, 79, 0, 0
1018, 509, 3923, 78, 0, 0
1020, 510, 3915, 79, 0, 0
1022, 511, 3909, 74, 0, 0
1024, 512, 3901, 79, 0, 0
1026, 513, 5839, 75, 0, 0
1028, 514, 5827, 68, 0, 0
1030, 515, 3877, 73, 0, 0
1032, 516, 5805, 75, 0, 0
1034, 517, 3863, 87, 0, 0
1036, 518, 5782, 75, 0, 0
1038, 519, 5773, 67, 0, 0
1040, 520, 5760, 72, 0, 0
1042, 521, 5749, 66, 0, 0
1044, 522, 5739, 75, 0, 0
1046, 523, 5728, 70, 0, 0
1048, 524, 5716, 68, 0, 0
1050, 525, 5707, 64, 0, 0
1052, 526, 5695, 64, 0, 0
1054, 527, 5683, 76, 0, 0
1056, 528, 5674, 62, 0, 0
1058, 529, 5662, 86, 0, 0
1060, 530, 5652, 116, 0, 0
1062, 531, 5641, 83, 0, 0
1064, 532, 5632, 81, 0, 0
1066, 533, 5620, 80, 0, 0
1068, 534, 5611, 73, 0, 0
1070, 535, 5599, 80, 0, 0
1072, 536, 5590, 75, 0, 0
1074, 537, 5578, 72, 0, 0
1076, 538, 5569, 74, 0, 0
1078, 539, 5557, 80, 0, 0
1080, 540, 5548, 72, 0, 0
1082, 541, 5539, 80, 0, 0
1084, 542, 5527, 74, 0, 0
1086, 543, 5518, 69, 0, 0
1088, 544, 5506, 66, 0, 0
1090, 545, 5497, 71, 0, 0
1092, 546, 5488, 62, 0, 0
1094, 547, 5476, 85, 0, 0
1096, 548, 5467, 73, 0, 0
1098, 549, 5458, 75, 0, 0
1100, 550, 5446, 81, 0, 0
1102, 551, 5437, 76, 0, 0
1104, 552, 5428, 66, 0, 0
1106, 553, 5419, 86, 0, 0
1108, 554, 5407, 75, 0, 0
1110, 555, 5398, 68, 0, 0
1112, 556, 5389, 77, 0, 0
1114, 557, 5380, 68, 0, 0
1116, 558, 5368, 76, 0, 0
1118, 559, 5359, 77, 0, 0
1120, 560, 5350, 81, 0, 0
1122, 561, 5341, 70, 0, 0
1124, 562, 5332, 72, 0, 0
1126, 563, 5323, 65, 0, 0
1128, 564, 5311, 90, 0, 0
1130, 565, 5302, 87, 0, 0
1132, 566, 5293, 81, 0, 0
1134, 567, 5284, 63, 0, 0
1136, 568, 5275, 70, 0, 0
1138, 569, 5266, 77, 0, 0
1140, 570, 5257, 77, 0, 0
1142, 571, 5248, 70, 0, 0
1144, 572, 5239, 71, 0, 0
1146, 573, 5230, 74, 0, 0
1148, 574, 5221, 76, 0, 0
1150, 575, 5212, 71, 0, 0
1152, 576, 5203, 72, 0, 0
1154, 577, 5194, 68, 0, 0
1156, 578, 5185, 71, 0, 0
1158, 579, 5176, 75, 0, 0
1160, 580, 5167, 72, 0, 0
1162, 581, 5158, 75, 0, 0
1164, 582, 5149, 76, 0, 0
1166, 583, 5140, 83, 0, 0
1168, 584, 5131, 66, 0, 0
1170, 585, 5122, 68, 0, 0
1172, 586, 5113, 73, 0, 0
1174, 587, 5104, 78, 0, 0
1176, 588, 5095, 72, 0, 0
1178, 589, 5086, 71, 0, 0
1180, 590, 5080, 75, 0, 0
1182, 591, 5071, 74, 0, 0
1184, 592, 5062, 75, 0, 0
1186, 593, 5053, 77, 0, 0
1188, 594, 5044, 71, 0, 0
1190, 595, 5035, 75, 0, 0
1192, 596, 5029, 72, 0, 0
1194, 597, 5020, 77, 0, 0
1196, 598, 5011, 72, 0, 0
1198, 599, 5002, 70, 0, 0
1200, 600, 4993, 82, 0, 0
1202, 601, 4987, 63, 0, 0
1204, 602, 4978, 61, 0, 0
1206, 603, 4969, 78, 0, 0
1208, 604, 4960, 77, 0, 0
1210, 605, 4954, 73, 0, 0
1212, 606, 4945, 77, 0, 0
1214, 607, 4936, 73, 0, 0
1216, 608, 4930, 74, 0, 0
1218, 609, 4921, 75, 0, 0
1220, 610, 4912, 72, 0, 0
1222, 611, 4903, 73, 0, 0
1224, 612, 4897, 72, 0, 0
1226, 613, 4888, 75, 0, 0
1228, 614, 6508, 72, 0, 0
1230, 615, 4873, 76, 0, 0
1232, 616, 6485, 82, 0, 0
1234, 617, 6476, 71, 0, 0
1236, 618, 6464, 73, 0, 0
1238, 619, 6453, 76, 0, 0
1240, 620, 6444, 74, 0, 0
1242, 621, 6433, 81, 0, 0
1244, 622, 6424, 75, 0, 0
1246, 623, 6413, 70, 0, 0
1248, 624, 6404, 71, 0, 0
1250, 625, 6392, 69, 0, 0
1252, 626, 6381, 72, 0, 0
1254, 627, 6372, 66, 0, 0
1256, 628, 6361, 78, 0, 0
1258, 629, 6352, 67, 0, 0
1260, 630, 6341, 66, 0, 0
1262, 631, 6332, 73, 0, 0
1264, 632, 6321, 64, 0, 0
1266, 633, 6312, 67, 0, 0
1268, 634, 6301, 73, 0, 0
1270, 635, 6292, 73, 0, 0
1272, 636, 6281, 69, 0, 0
1274, 637, 6272, 75, 0, 0
1276, 638, 6261, 75, 0, 0
1278, 639, 6252, 70, 0, 0
1280, 640, 6244, 74, 0, 0
1282, 641, 6233, 68, 0, 0
1284, 642, 6224, 75, 0, 0
1286, 643, 6213, 70, 0, 0
1288, 644, 6204, 75, 0, 0
1290, 645, 6193, 79, 0, 0
1292, 646, 6185, 76, 0, 0
1294, 647, 6176, 77, 0, 0
1296, 648, 6165, 73, 0, 0
1298, 649, 6156, 70, 0, 0
1300, 650, 6148, 70, 0, 0
1302, 651, 6137, 78, 0, 0
1304, 652, 6128, 75, 0, 0
1306, 653, 6120, 77, 0, 0
1308, 654, 6109, 74, 0, 0
1310, 655, 6100, 76, 0, 0
1312, 656, 6092, 73, 0, 0
1314, 657, 6081, 76, 0, 0
1316, 658, 6072, 76, 0, 0
1318, 659, 6064, 75, 0, 0
1320, 660, 6053, 71, 0, 0
1322, 661, 6045, 75, 0, 0
1324, 662, 6036, 68, 0, 0
1326, 663, 6028, 76, 0, 0
1328, 664, 6017, 69, 0, 0
1330, 665, 6008, 63, 0, 0
1332, 666, 6000, 62, 0, 0
1334, 667, 5992, 73, 0, 0
1336, 668, 5981, 80, 0, 0
1338, 669, 5972, 73, 0, 0
1340, 670, 5964, 74, 0, 0
1342, 671, 5956, 75, 0, 0
1344, 672, 5945, 76, 0, 0
1346, 673, 5937, 74, 0, 0
1348, 674, 5928, 76, 0, 0
1350, 675, 5921, 70, 0, 0
1352, 676, 5912, 71, 0, 0
1354, 677, 5901, 75, 0, 0
1356, 678, 5893, 69, 0, 0
1358, 679, 5885, 74, 0, 0
1360, 680, 5877, 69, 0, 0
1362, 681, 5868, 77, 0, 0
1364, 682, 5860, 71, 0, 0
1366, 683, 5849, 72, 0, 0
1368, 684, 5841, 75, 0, 0
1370, 685, 5833, 67, 0, 0
1372, 686, 5825, 71, 0, 0
1374, 687, 5816, 68, 0, 0
1376, 688, 5809, 65, 0, 0
1378, 689, 5800, 72, 0, 0
1380, 690, 5793, 63, 0, 0
1382, 691, 5784, 81, 0, 0
1384, 692, 5776, 71, 0, 0
1386, 693, 5765, 79, 0, 0
1388, 694, 5757, 76, 0, 0
1390, 695, 5749, 79, 0, 0
1392, 696, 5741, 63, 0, 0
1394, 697, 5733, 73, 0, 0
1396, 698, 5725, 71, 0, 0
1398, 699, 5717, 62, 0, 0
1400, 700, 5709, 66, 0, 0
1402, 701, 5700, 57, 0, 0
1404, 702, 5692, 76, 0, 0
1406, 703, 5684, 91, 0, 0
1408, 704, 5677, 71, 0, 0
1410, 705, 5668, 80, 0, 0
1412, 706, 5661, 80, 0, 0
1414, 707, 5653, 76, 0, 0
1416, 708, 5644, 80, 0, 0
1418, 709, 7045, 69, 0, 0
1420, 710, 5629, 71, 0, 0
1422, 711, 7025, 71, 0, 0
1424, 712, 5613, 78, 0, 0
1426, 713, 7005, 69, 0, 0
1428, 714, 5597, 65, 0, 0
1430, 715, 5589, 85, 0, 0
1432, 716, 6976, 76, 0, 0
1434, 717, 6966, 76, 0, 0
1436, 718, 6956, 77, 0, 0
1438, 719, 6946, 71, 0, 0
1440, 720, 6936, 76, 0, 0
1442, 721, 6930, 68, 0, 0
1444, 722, 6920, 72, 0, 0
1446, 723, 6910, 67, 0, 0
1448, 724, 6900, 65, 0, 0
1450, 725, 6890, 74, 0, 0
1452, 726, 6880, 71, 0, 0
1454, 727, 6871, 54, 0, 0
1456, 728, 6861, 54, 0, 0
1458, 729, 6851, 60, 0, 0
1460, 730, 6841, 68, 0, 0
1462, 731, 6834, 79, 0, 0
1464, 732, 6824, 93, 0, 0
1466, 733, 6814, 100, 0, 0
1468, 734, 6805, 90, 0, 0
1470, 735, 6796, 78, 0, 0
1472, 736, 6786, 82, 0, 0
1474, 737, 6780, 79, 0, 0
1476, 738, 6770, 72, 0, 0
1478, 739, 6760, 78, 0, 0
1480, 740, 6750, 72, 0, 0
1482, 741, 6741, 78, 0, 0
1484, 742, 6731, 81, 0, 0
1486, 743, 6725, 74, 0, 0
1488, 744, 6715, 69, 0, 0
1490, 745, 6705, 68, 0, 0
1492, 746, 6696, 65, 0, 0
1494, 747, 6686, 66, 0, 0
1496, 748, 6680, 82, 0, 0
1498, 749, 6670, 91, 0, 0
1500, 750, 6660, 76, 0, 0
1502, 751, 6651, 80, 0, 0
1504, 752, 6645, 69, 0, 0
1506, 753, 6635, 70, 0, 0
1508, 754, 6625, 78, 0, 0
1510, 755, 6616, 76, 0, 0
1512, 756, 6610, 77, 0, 0
1514, 757, 6600, 67, 0, 0
1516, 758, 6590, 70, 0, 0
1518, 759, 6581, 71, 0, 0
1520, 760, 6575, 80, 0, 0
1522, 761, 6565, 76, 0, 0
1524, 762, 6556, 80, 0, 0
1526, 763, 6546, 68, 0, 0
1528, 764, 6540, 86, 0, 0
1530, 765, 6530, 64, 0, 0
1532, 766, 6521, 68, 0, 0
1534, 767, 6515, 77, 0, 0
1536, 768, 6505, 69, 0, 0
1538, 769, 6496, 79, 0, 0
1540, 770, 6490, 69, 0, 0
1542, 771, 6480, 72, 0, 0
1544, 772, 6471, 82, 0, 0
1546, 773, 6461, 73, 0, 0
1548, 774, 6455, 76, 0, 0
1550, 775, 6446, 75, 0, 0
1552, 776, 6440, 78, 0, 0
1554, 777, 6430, 65, 0, 0
1556, 778, 6421, 75, 0, 0
1558, 779, 6415, 72, 0, 0
1560, 780, 6405, 73, 0, 0
1562, 781, 6396, 70, 0, 0
1564, 782, 6390, 69, 0, 0
1566, 783, 6380, 72, 0, 0
1568, 784, 6371, 70, 0, 0
1570, 785, 6365, 72, 0, 0
1572, 786, 6356, 69, 0, 0
1574, 787, 6350, 81, 0, 0
1576, 788, 6340, 70, 0, 0
1578, 789, 6331, 73, 0, 0
1580, 790, 6325, 73, 0, 0
1582, 791, 6316, 76, 0, 0
1584, 792, 6310, 73, 0, 0
1586, 793, 6300, 73, 0, 0
1588, 794, 6291, 71, 0, 0
1590, 795, 6285, 74, 0, 0
1592, 796, 6276, 75, 0, 0
1594, 797, 6270, 71, 0, 0
1596, 798, 6260, 74, 0, 0
1598, 799, 6255, 69, 0, 0
1600, 800, 6245, 74, 0, 0
1602, 801, 6236, 62, 0, 0
1604, 802, 6230, 48, 0, 0
1606, 803, 6221, 56, 0, 0
1608, 804, 6215, 72, 0, 0
1610, 805, 6206, 66, 0, 0
1612, 806, 6200, 66, 0, 0
1614, 807, 6191, 74, 0, 0
1616, 808, 6185, 73, 0, 0
1618, 809, 6176, 67, 0, 0
1620, 810, 6170, 68, 0, 0
1622, 811, 7391, 71, 0, 0
1624, 812, 6155, 70, 0, 0
1626, 813, 7373, 76, 0, 0
1628, 814, 7363, 75, 0, 0
1630, 815, 7355, 74, 0, 0
1632, 816, 7345, 65, 0, 0
1634, 817, 7337, 68, 0, 0
1636, 818, 7331, 71, 0, 0
1638, 819, 7319, 75, 0, 0
1640, 820, 7313, 68, 0, 0
1642, 821, 7302, 71, 0, 0
1644, 822, 7295, 73, 0, 0
1646, 823, 7284, 70, 0, 0
1648, 824, 7277, 78, 0, 0
1650, 825, 7267, 74, 0, 0
1652, 826, 7259, 73, 0, 0
1654, 827, 7249, 70, 0, 0
1656, 828, 7241, 77, 0, 0
1658, 829, 7231, 72, 0, 0
1660, 830, 7223, 66, 0, 0
1662, 831, 7213, 62, 0, 0
1664, 832, 7205, 68, 0, 0
1666, 833, 7199, 79, 0, 0
1668, 834, 7188, 76, 0, 0
1670, 835, 7181, 79, 0, 0
1672, 836, 7171, 75, 0, 0
1674, 837, 7163, 73, 0, 0
1676, 838, 7153, 72, 0, 0
1678, 839, 7145, 75, 0, 0
1680, 840, 7139, 77, 0, 0
1682, 841, 7129, 77, 0, 0
1684, 842, 7121, 75, 0, 0
1686, 843, 7111, 70, 0, 0
1688, 844, 7103, 70, 0, 0
1690, 845, 7097, 72, 0, 0
1692, 846, 7086, 75, 0, 0
1694, 847, 7079, 69, 0, 0
1696, 848, 7069, 73, 0, 0
1698, 849, 7061, 72, 0, 0
1700, 850, 7055, 73, 0, 0
1702, 851, 7045, 79, 0, 0
1704, 852, 7037, 71, 0, 0
1706, 853, 7027, 67, 0, 0
1708, 854, 7020, 72, 0, 0
1710, 855, 7013, 75, 0, 0
1712, 856, 7003, 76, 0, 0
1714, 857, 6995, 82, 0, 0
1716, 858, 6989, 71, 0, 0
1718, 859, 6979, 71, 0, 0
1720, 860, 6971, 82, 0, 0
1722, 861, 6965, 74, 0, 0
1724, 862, 6955, 71, 0, 0
1726, 863, 6947, 74, 0, 0
1728, 864, 6941, 75, 0, 0
1730, 865, 6931, 73, 0, 0
1732, 866, 6923, 73, 0, 0
1734, 867, 6917, 83, 0, 0
1736, 868, 6907, 73, 0, 0
1738, 869, 6899, 61, 0, 0
1740, 870, 6893, 90, 0, 0
1742, 871, 6883, 68, 0, 0
1744, 872, 6875, 74, 0, 0
1746, 873, 6869, 76, 0, 0
1748, 874, 6859, 77, 0, 0
1750, 875, 6852, 75, 0, 0
1752, 876, 6845, 75, 0, 0
1754, 877, 6835, 74, 0, 0
1756, 878, 6829, 77, 0, 0
1758, 879, 6821, 71, 0, 0
1760, 880, 6815, 74, 0, 0
1762, 881, 6805, 72, 0, 0
1764, 882, 6797, 72, 0, 0
1766, 883, 6791, 75, 0, 0
1768, 884, 6781, 69, 0, 0
1770, 885, 6775, 54, 0, 0
1772, 886, 6767, 75, 0, 0
1774, 887, 6761, 78, 0, 0
1776, 888, 6751, 83, 0, 0
1778, 889, 6744, 71, 0, 0
1780, 890, 6738, 69, 0, 0
1782, 891, 6731, 77, 0, 0
1784, 892, 6721, 80, 0, 0
1786, 893, 6714, 72, 0, 0
1788, 894, 6708, 74, 0, 0
1790, 895, 6702, 77, 0, 0
1792, 896, 6691, 72, 0, 0
1794, 897, 6684, 63, 0, 0
1796, 898, 6678, 78, 0, 0
1798, 899, 6672, 64, 0, 0
1800, 900, 6661, 72, 0, 0
1802, 901, 6655, 46, 0, 0
1804, 902, 6648, 53, 0, 0
1806, 903, 6642, 65, 0, 0
1808, 904, 6631, 75, 0, 0
1810, 905, 6625, 85, 0, 0
1812, 906, 6618, 90, 0, 0
1814, 907, 6611, 110, 0, 0
1816, 908, 6606, 82, 0, 0
1818, 909, 7694, 72, 0, 0
1820, 910, 7686, 69, 0, 0
1822, 911, 7678, 70, 0, 0
1824, 912, 6575, 76, 0, 0
1826, 913, 6569, 71, 0, 0
1828, 914, 7652, 70, 0, 0
1830, 915, 6553, 72, 0, 0
1832, 916, 7636, 63, 0, 0
1834, 917, 7629, 68, 0, 0
1836, 918, 7622, 69, 0, 0
1838, 919, 7610, 70, 0, 0
1840, 920, 7603, 57, 0, 0
1842, 921, 7595, 74, 0, 0
1844, 922, 7586, 85, 0, 0
1846, 923, 7580, 76, 0, 0
1848, 924, 7573, 68, 0, 0
1850, 925, 7561, 77, 0, 0
1852, 926, 7554, 72, 0, 0
1854, 927, 7546, 68, 0, 0
1856, 928, 7538, 66, 0, 0
1858, 929, 7531, 62, 0, 0
1860, 930, 7524, 69, 0, 0
1862, 931, 7512, 47, 0, 0
1864, 932, 7505, 59, 0, 0
1866, 933, 7497, 64, 0, 0
1868, 934, 7489, 76, 0, 0
1870, 935, 7481, 91, 0, 0
1872, 936, 7475, 99, 0, 0
1874, 937, 7468, 79, 0, 0
1876, 938, 7456, 84, 0, 0
1878, 939, 7449, 71, 0, 0
1880, 940, 7441, 83, 0, 0
1882, 941, 7434, 74, 0, 0
1884, 942, 7426, 68, 0, 0
1886, 943, 7419, 70, 0, 0
1888, 944, 7412, 74, 0, 0
1890, 945, 7405, 81, 0, 0
1892, 946, 7393, 76, 0, 0
1894, 947, 7386, 77, 0, 0
1896, 948, 7379, 73, 0, 0
1898, 949, 7371, 68, 0, 0
1900, 950, 7363, 69, 0, 0
1902, 951, 7356, 75, 0, 0
1904, 952, 7349, 71, 0, 0
1906, 953, 7342, 74, 0, 0
1908, 954, 7335, 76, 0, 0
1910, 955, 7328, 72, 0, 0
1912, 956, 7316, 70, 0, 0
1914, 957, 7309, 72, 0, 0
1916, 958, 7302, 77, 0, 0
1918, 959, 7294, 73, 0, 0
1920, 960, 7287, 68, 0, 0
1922, 961, 7279, 70, 0, 0
1924, 962, 7272, 72, 0, 0
1926, 963, 7265, 74, 0, 0
1928, 964, 7258, 75, 0, 0
1930, 965, 7251, 70, 0, 0
1932, 966, 7244, 72, 0, 0
1934, 967, 7237, 89, 0, 0
1936, 968, 7225, 73, 0, 0
1938, 969, 7218, 50, 0, 0
1940, 970, 7211, 79, 0, 0
1942, 971, 7204, 63, 0, 0
1944, 972, 7197, 75, 0, 0
1946, 973, 7190, 74, 0, 0
1948, 974, 7182, 76, 0, 0
1950, 975, 7175, 72, 0, 0
1952, 976, 7167, 75, 0, 0
1954, 977, 7160, 74, 0, 0
1956, 978, 7153, 67, 0, 0
1958, 979, 7146, 70, 0, 0
1960, 980, 7139, 77, 0, 0
1962, 981, 7132, 74, 0, 0
1964, 982, 7125, 75, 0, 0
1966, 983, 7118, 67, 0, 0
1968, 984, 7111, 70, 0, 0
1970, 985, 7104, 73, 0, 0
1972, 986, 7097, 70, 0, 0
1974, 987, 7090, 81, 0, 0
1976, 988, 7083, 75, 0, 0
1978, 989, 7076, 67, 0, 0
1980, 990, 7069, 76, 0, 0
1982, 991, 7062, 74, 0, 0
1984, 992, 7055, 69, 0, 0
1986, 993, 7048, 64, 0, 0
1988, 994, 7041, 71, 0, 0
1990, 995, 7034, 70, 0, 0
1992, 996, 7027, 68, 0, 0
1994, 997, 7020, 71, 0, 0
1996, 998, 7013, 76, 0, 0
1998, 999, 7006, 74, 0, 0
2000, 1000, 6999, 70, 0, 0
2002, 1001, 6992, 76, 0, 0
2004, 1002, 6985, 74, 0, 0
2006, 1003, 6978, 68, 0, 0
2008, 1004, 6971, 78, 0, 0
2010, 1005, 6964, 57, 0, 0
2012, 1006, 6957, 87, 0, 0
2014, 1007, 6950, 82, 0, 0
2016, 1008, 6943, 68, 0, 0
2018, 1009, 7926, 73, 0, 0
2020, 1010, 6929, 74, 0, 0
2022, 1011, 7910, 70, 0, 0
2024, 1012, 7902, 69, 0, 0
2026, 1013, 7894, 74, 0, 0
2028, 1014, 7886, 70, 0, 0
2030, 1015, 7878, 73, 0, 0
2032, 1016, 7870, 68, 0, 0
2034, 1017, 7862, 69, 0, 0
2036, 1018, 7854, 73, 0, 0
2038, 1019, 7846, 70, 0, 0
2040, 1020, 7838, 74, 0, 0
2042, 1021, 7830, 73, 0, 0
2044, 1022, 7822, 73, 0, 0
2046, 1023, 7815, 72, 0, 0
2048, 1024, 7807, 69, 0, 0
2050, 1025, 7800, 78, 0, 0
2052, 1026, 7792, 69, 0, 0
2054, 1027, 7785, 72, 0, 0
2056, 1028, 7777, 74, 0, 0
2058, 1029, 7769, 69, 0, 0
2060, 1030, 7761, 74, 0, 0
2062, 1031, 7753, 68, 0, 0
2064, 1032, 7750, 70, 0, 0
2066, 1033, 7742, 68, 0, 0
2068, 1034, 7734, 82, 0, 0
2070, 1035, 7726, 43, 0, 0
2072, 1036, 7718, 66, 0, 0
2074, 1037, 7710, 80, 0, 0
2076, 1038, 7702, 70, 0, 0
2078, 1039, 7695, 77, 0, 0
2080, 1040, 7688, 66, 0, 0
2082, 1041, 7680, 77, 0, 0
2084, 1042, 7673, 70, 0, 0
2086, 1043, 7665, 76, 0, 0
2088, 1044, 7657, 70, 0, 0
2090, 1045, 7654, 67, 0, 0
2092, 1046, 7646, 68, 0, 0
2094, 1047, 7638, 76, 0, 0
2096, 1048, 7630, 75, 0, 0
2098, 1049, 7622, 79, 0, 0
2100, 1050, 7614, 77, 0, 0
2102, 1051, 7607, 81, 0, 0
2104, 1052, 7600, 74, 0, 0
2106, 1053, 7593, 79, 0, 0
2108, 1054, 7585, 81, 0, 0
2110, 1055, 7577, 66, 0, 0
2112, 1056, 7574, 74, 0, 0
2114, 1057, 7566, 73, 0, 0
2116, 1058, 7558, 71, 0, 0
2118, 1059, 7550, 69, 0, 0
2120, 1060, 7543, 66, 0, 0
2122, 1061, 7536, 75, 0, 0
2124, 1062, 7529, 69, 0, 0
2126, 1063, 7521, 75, 0, 0
2128, 1064, 7513, 73, 0, 0
2130, 1065, 7510, 76, 0, 0
2132, 1066, 7502, 74, 0, 0
2134, 1067, 7494, 70, 0, 0
2136, 1068, 7486, 68, 0, 0
2138, 1069, 7479, 75, 0, 0
2140, 1070, 7473, 72, 0, 0
2142, 1071, 7465, 66, 0, 0
2144, 1072, 7457, 56, 0, 0
2146, 1073, 7454, 69, 0, 0
2148, 1074, 7446, 81, 0, 0
2150, 1075, 7438, 77, 0, 0
2152, 1076, 7431, 69, 0, 0
2154, 1077, 7424, 75, 0, 0
2156, 1078, 7417, 73, 0, 0
2158, 1079, 7409, 77, 0, 0
2160, 1080, 7406, 81, 0, 0
2162, 1081, 7398, 72, 0, 0
2164, 1082, 7390, 68, 0, 0
2166, 1083, 7383, 59, 0, 0
2168, 1084, 7376, 69, 0, 0
2170, 1085, 7369, 75, 0, 0
2172, 1086, 7361, 73, 0, 0
2174, 1087, 7359, 68, 0, 0
2176, 1088, 7350, 66, 0, 0
2178, 1089, 7342, 66, 0, 0
2180, 1090, 7335, 80, 0, 0
2182, 1091, 7329, 86, 0, 0
2184, 1092, 7321, 72, 0, 0
2186, 1093, 7319, 70, 0, 0
2188, 1094, 7311, 69, 0, 0
2190, 1095, 7302, 68, 0, 0
2192, 1096, 7295, 69, 0, 0
2194, 1097, 7289, 74, 0, 0
2196, 1098, 7281, 70, 0, 0
2198, 1099, 7279, 71, 0, 0
2200, 1100, 7271, 65, 0, 0
2202, 1101, 7263, 61, 0, 0
2204, 1102, 7256, 68, 0, 0
2206, 1103, 7249, 58, 0, 0
2208, 1104, 7241, 65, 0, 0
2210, 1105, 7239, 51, 0, 0
2212, 1106, 7231, 59, 0, 0
2214, 1107, 7223, 71, 0, 0
2216, 1108, 7217, 83, 0, 0
2218, 1109, 7209, 94, 0, 0
2220, 1110, 8107, 73, 0, 0
2222, 1111, 8097, 70, 0, 0
2224, 1112, 7191, 84, 0, 0
2226, 1113, 7184, 82, 0, 0
2228, 1114, 7177, 78, 0, 0
2230, 1115, 7175, 73, 0, 0
2232, 1116, 8062, 73, 0, 0
2234, 1117, 8052, 74, 0, 0
2236, 1118, 8045, 72, 0, 0
2238, 1119, 8038, 68, 0, 0
2240, 1120, 8035, 66, 0, 0
2242, 1121, 8026, 75, 0, 0
2244, 1122, 8017, 72, 0, 0
2246, 1123, 8010, 72, 0, 0
2248, 1124, 8002, 78, 0, 0
2250, 1125, 7999, 69, 0, 0
2252, 1126, 7989, 77, 0, 0
2254, 1127, 7981, 75, 0, 0
2256, 1128, 7974, 74, 0, 0
2258, 1129, 7966, 71, 0, 0
2260, 1130, 7963, 68, 0, 0
2262, 1131, 7954, 71, 0, 0
2264, 1132, 7946, 71, 0, 0
2266, 1133, 7939, 72, 0, 0
2268, 1134, 7936, 55, 0, 0
2270, 1135, 7926, 74, 0, 0
2272, 1136, 7918, 90, 0, 0
2274, 1137, 7911, 109, 0, 0
2276, 1138, 7903, 80, 0, 0
2278, 1139, 7900, 86, 0, 0
2280, 1140, 7891, 76, 0, 0
2282, 1141, 7883, 77, 0, 0
2284, 1142, 7876, 66, 0, 0
2286, 1143, 7873, 80, 0, 0
2288, 1144, 7864, 81, 0, 0
2290, 1145, 7856, 71, 0, 0
2292, 1146, 7849, 68, 0, 0
2294, 1147, 7846, 80, 0, 0
2296, 1148, 7837, 76, 0, 0
2298, 1149, 7829, 73, 0, 0
2300, 1150, 7822, 78, 0, 0
2302, 1151, 7819, 78, 0, 0
2304, 1152, 7810, 68, 0, 0
2306, 1153, 7801, 67, 0, 0
2308, 1154, 7795, 96, 0, 0
2310, 1155, 7792, 73, 0, 0
2312, 1156, 7783, 74, 0, 0
2314, 1157, 7775, 66, 0, 0
2316, 1158, 7768, 73, 0, 0
2318, 1159, 7765, 78, 0, 0
2320, 1160, 7756, 72, 0, 0
2322, 1161, 7748, 71, 0, 0
2324, 1162, 7741, 72, 0, 0
2326, 1163, 7738, 71, 0, 0
2328, 1164, 7729, 75, 0, 0
2330, 1165, 7722, 74, 0, 0
2332, 1166, 7714, 71, 0, 0
2334, 1167, 7711, 69, 0, 0
2336, 1168, 7702, 70, 0, 0
2338, 1169, 7695, 68, 0, 0
2340, 1170, 7687, 75, 0, 0
2342, 1171, 7684, 47, 0, 0
2344, 1172, 7675, 67, 0, 0
2346, 1173, 7669, 80, 0, 0
2348, 1174, 7666, 68, 0, 0
2350, 1175, 7657, 75, 0, 0
2352, 1176, 7649, 77, 0, 0
2354, 1177, 7642, 72, 0, 0
2356, 1178, 7639, 76, 0, 0
2358, 1179, 7630, 72, 0, 0
2360, 1180, 7624, 74, 0, 0
2362, 1181, 7621, 73, 0, 0
2364, 1182, 7612, 69, 0, 0
2366, 1183, 7604, 75, 0, 0
2368, 1184, 7597, 75, 0, 0
2370, 1185, 7594, 75, 0, 0
2372, 1186, 7585, 77, 0, 0
2374, 1187, 7579, 76, 0, 0
2376, 1188, 7576, 72, 0, 0
2378, 1189, 7567, 70, 0, 0
2380, 1190, 7559, 83, 0, 0
2382, 1191, 7552, 65, 0, 0
2384, 1192, 7549, 74, 0, 0
2386, 1193, 7540, 71, 0, 0
2388, 1194, 7534, 73, 0, 0
2390, 1195, 7531, 75, 0, 0
2392, 1196, 7522, 84, 0, 0
2394, 1197, 7516, 74, 0, 0
2396, 1198, 7513, 72, 0, 0
2398, 1199, 7504, 75, 0, 0
2400, 1200, 7497, 75, 0, 0
2402, 1201, 7489, 70, 0, 0
2404, 1202, 7486, 74, 0, 0
2406, 1203, 7478, 72, 0, 0
2408, 1204, 7471, 72, 0, 0
2410, 1205, 7468, 70, 0, 0
2412, 1206, 7459, 70, 0, 0
2414, 1207, 8281, 73, 0, 0
2416, 1208, 7450, 97, 0, 0
2418, 1209, 7441, 53, 0, 0
2420, 1210, 8260, 71, 0, 0
2422, 1211, 7432, 66, 0, 0
2424, 1212, 8247, 76, 0, 0
2426, 1213, 8240, 79, 0, 0
2428, 1214, 8237, 71, 0, 0
2430, 1215, 8227, 73, 0, 0
2432, 1216, 8219, 70, 0, 0
2434, 1217, 8217, 74, 0, 0
2436, 1218, 8207, 69, 0, 0
2438, 1219, 8199, 75, 0, 0
2440, 1220, 8197, 75, 0, 0
2442, 1221, 8187, 70, 0, 0
2444, 1222, 8179, 77, 0, 0
2446, 1223, 8171, 89, 0, 0
2448, 1224, 8167, 72, 0, 0
2450, 1225, 8159, 71, 0, 0
2452, 1226, 8151, 68, 0, 0
2454, 1227, 8147, 74, 0, 0
2456, 1228, 8139, 71, 0, 0
2458, 1229, 8137, 74, 0, 0
2460, 1230, 8127, 80, 0, 0
2462, 1231, 8120, 70, 0, 0
2464, 1232, 8117, 68, 0, 0
2466, 1233, 8107, 75, 0, 0
2468, 1234, 8100, 64, 0, 0
2470, 1235, 8097, 84, 0, 0
2472, 1236, 8087, 64, 0, 0
2474, 1237, 8080, 81, 0, 0
2476, 1238, 8077, 71, 0, 0
2478, 1239, 8067, 76, 0, 0
2480, 1240, 8061, 71, 0, 0
2482, 1241, 8057, 77, 0, 0
2484, 1242, 8047, 75, 0, 0
2486, 1243, 8041, 67, 0, 0
2488, 1244, 8037, 75, 0, 0
2490, 1245, 8028, 70, 0, 0
2492, 1246, 8021, 78, 0, 0
2494, 1247, 8017, 71, 0, 0
2496, 1248, 8009, 69, 0, 0
2498, 1249, 8007, 72, 0, 0
2500, 1250, 7997, 73, 0, 0
2502, 1251, 7990, 77, 0, 0
2504, 1252, 7987, 74, 0, 0
2506, 1253, 7977, 76, 0, 0
2508, 1254, 7971, 64, 0, 0
2510, 1255, 7967, 76, 0, 0
2512, 1256, 7958, 75, 0, 0
2514, 1257, 7951, 76, 0, 0
2516, 1258, 7947, 76, 0, 0
2518, 1259, 7939, 78, 0, 0
2520, 1260, 7937, 74, 0, 0
2522, 1261, 7927, 72, 0, 0
2524, 1262, 7920, 79, 0, 0
2526, 1263, 7917, 78, 0, 0
2528, 1264, 7907, 75, 0, 0
2530, 1265, 7901, 68, 0, 0
2532, 1266, 7897, 72, 0, 0
2534, 1267, 7889, 69, 0, 0
2536, 1268, 7888, 72, 0, 0
2538, 1269, 7877, 77, 0, 0
2540, 1270, 7871, 82, 0, 0
2542, 1271, 7867, 85, 0, 0
2544, 1272, 7858, 77, 0, 0
2546, 1273, 7851, 108, 0, 0
2548, 1274, 7847, 69, 0, 0
2550, 1275, 7840, 70, 0, 0
2552, 1276, 7837, 78, 0, 0
2554, 1277, 7827, 78, 0, 0
2556, 1278, 7821, 78, 0, 0
2558, 1279, 7818, 69, 0, 0
2560, 1280, 7809, 72, 0, 0
2562, 1281, 7807, 78, 0, 0
2564, 1282, 7797, 73, 0, 0
2566, 1283, 7791, 75, 0, 0
2568, 1284, 7787, 68, 0, 0
2570, 1285, 7779, 72, 0, 0
2572, 1286, 7777, 72, 0, 0
2574, 1287, 7767, 69, 0, 0
2576, 1288, 7761, 79, 0, 0
2578, 1289, 7757, 67, 0, 0
2580, 1290, 7749, 61, 0, 0
2582, 1291, 7741, 78, 0, 0
2584, 1292, 7738, 70, 0, 0
2586, 1293, 7731, 72, 0, 0
2588, 1294, 7727, 77, 0, 0
2590, 1295, 7719, 71, 0, 0
2592, 1296, 7717, 77, 0, 0
2594, 1297, 7707, 67, 0, 0
2596, 1298, 7701, 88, 0, 0
2598, 1299, 7697, 67, 0, 0
2600, 1300, 7689, 77, 0, 0
2602, 1301, 7687, 74, 0, 0
2604, 1302, 7678, 67, 0, 0
2606, 1303, 7671, 72, 0, 0
2608, 1304, 7668, 68, 0, 0
2610, 1305, 7660, 66, 0, 0
2612, 1306, 7658, 62, 0, 0
2614, 1307, 7648, 57, 0, 0
2616, 1308, 8405, 77, 0, 0
2618, 1309, 8400, 79, 0, 0
2620, 1310, 8393, 78, 0, 0
2622, 1311, 8390, 75, 0, 0
2624, 1312, 8380, 76, 0, 0
2626, 1313, 8379, 75, 0, 0
2628, 1314, 8368, 68, 0, 0
2630, 1315, 7601, 67, 0, 0
2632, 1316, 8357, 66, 0, 0
2634, 1317, 8348, 72, 0, 0
2636, 1318, 8346, 72, 0, 0
2638, 1319, 8336, 73, 0, 0
2640, 1320, 8335, 67, 0, 0
2642, 1321, 8324, 68, 0, 0
2644, 1322, 8317, 72, 0, 0
2646, 1323, 8313, 80, 0, 0
2648, 1324, 8305, 63, 0, 0
2650, 1325, 8302, 69, 0, 0
2652, 1326, 8292, 74, 0, 0
2654, 1327, 8291, 68, 0, 0
2656, 1328, 8280, 74, 0, 0
2658, 1329, 8273, 70, 0, 0
2660, 1330, 8269, 67, 0, 0
2662, 1331, 8261, 71, 0, 0
2664, 1332, 8258, 70, 0, 0
2666, 1333, 8248, 76, 0, 0
2668, 1334, 8247, 44, 0, 0
2670, 1335, 8236, 65, 0, 0
2672, 1336, 8229, 95, 0, 0
2674, 1337, 8225, 91, 0, 0
2676, 1338, 8218, 77, 0, 0
2678, 1339, 8214, 79, 0, 0
2680, 1340, 8206, 77, 0, 0
2682, 1341, 8203, 77, 0, 0
2684, 1342, 8193, 72, 0, 0
2686, 1343, 8192, 76, 0, 0
2688, 1344, 8181, 84, 0, 0
2690, 1345, 8174, 75, 0, 0
2692, 1346, 8170, 74, 0, 0
2694, 1347, 8163, 80, 0, 0
2696, 1348, 8159, 72, 0, 0
2698, 1349, 8151, 65, 0, 0
2700, 1350, 8148, 70, 0, 0
2702, 1351, 8139, 78, 0, 0
2704, 1352, 8137, 77, 0, 0
2706, 1353, 8126, 66, 0, 0
2708, 1354, 8126, 94, 0, 0
2710, 1355, 8115, 68, 0, 0
2712, 1356, 8108, 72, 0, 0
2714, 1357, 8104, 73, 0, 0
2716, 1358, 8097, 74, 0, 0
2718, 1359, 8093, 75, 0, 0
2720, 1360, 8085, 76, 0, 0
2722, 1361, 8082, 71, 0, 0
2724, 1362, 8073, 70, 0, 0
2726, 1363, 8071, 77, 0, 0
2728, 1364, 8061, 80, 0, 0
2730, 1365, 8060, 70, 0, 0
2732, 1366, 8049, 71, 0, 0
2734, 1367, 8042, 67, 0, 0
2736, 1368, 8038, 80, 0, 0
2738, 1369, 8031, 70, 0, 0
2740, 1370, 8027, 78, 0, 0
2742, 1371, 8020, 64, 0, 0
2744, 1372, 8016, 82, 0, 0
2746, 1373, 8009, 80, 0, 0
2748, 1374, 8005, 68, 0, 0
2750, 1375, 7997, 69, 0, 0
2752, 1376, 7994, 79, 0, 0
2754, 1377, 7985, 75, 0, 0
2756, 1378, 7983, 75, 0, 0
2758, 1379, 7974, 73, 0, 0
2760, 1380, 7972, 74, 0, 0
2762, 1381, 7962, 67, 0, 0
2764, 1382, 7961, 76, 0, 0
2766, 1383, 7951, 72, 0, 0
2768, 1384, 7950, 79, 0, 0
2770, 1385, 7939, 72, 0, 0
2772, 1386, 7932, 73, 0, 0
2774, 1387, 7928, 71, 0, 0
2776, 1388, 7921, 72, 0, 0
2778, 1389, 7917, 73, 0, 0
2780, 1390, 7910, 66, 0, 0
2782, 1391, 7906, 74, 0, 0
2784, 1392, 7899, 74, 0, 0
2786, 1393, 7895, 73, 0, 0
2788, 1394, 7888, 74, 0, 0
2790, 1395, 7884, 67, 0, 0
2792, 1396, 7877, 76, 0, 0
2794, 1397, 7873, 72, 0, 0
2796, 1398, 7866, 70, 0, 0
2798, 1399, 7862, 70, 0, 0
2800, 1400, 7855, 69, 0, 0
2802, 1401, 7851, 77, 0, 0
2804, 1402, 7844, 73, 0, 0
2806, 1403, 7840, 77, 0, 0
2808, 1404, 8543, 74, 0, 0
2810, 1405, 7829, 76, 0, 0
2812, 1406, 7821, 76, 0, 0
2814, 1407, 7818, 76, 0, 0
2816, 1408, 7810, 83, 0, 0
2818, 1409, 7807, 107, 0, 0
2820, 1410, 8507, 83, 0, 0
2822, 1411, 8504, 69, 0, 0
2824, 1412, 8495, 75, 0, 0
2826, 1413, 8492, 77, 0, 0
2828, 1414, 8483, 72, 0, 0
2830, 1415, 8480, 73, 0, 0
2832, 1416, 8471, 68, 0, 0
2834, 1417, 8468, 76, 0, 0
2836, 1418, 8459, 70, 0, 0
2838, 1419, 8456, 67, 0, 0
2840, 1420, 8447, 82, 0, 0
2842, 1421, 8444, 70, 0, 0
2844, 1422, 8436, 73, 0, 0
2846, 1423, 8432, 76, 0, 0
2848, 1424, 8424, 72, 0, 0
2850, 1425, 8420, 75, 0, 0
2852, 1426, 8412, 77, 0, 0
2854, 1427, 8408, 70, 0, 0
2856, 1428, 8400, 74, 0, 0
2858, 1429, 8396, 76, 0, 0
2860, 1430, 8388, 81, 0, 0
2862, 1431, 8384, 72, 0, 0
2864, 1432, 8377, 72, 0, 0
2866, 1433, 8372, 75, 0, 0
2868, 1434, 8365, 67, 0, 0
2870, 1435, 8360, 109, 0, 0
2872, 1436, 8353, 71, 0, 0
2874, 1437, 8348, 74, 0, 0
2876, 1438, 8341, 70, 0, 0
2878, 1439, 8336, 75, 0, 0
2880, 1440, 8329, 75, 0, 0
2882, 1441, 8324, 73, 0, 0
2884, 1442, 8324, 71, 0, 0
2886, 1443, 8312, 76, 0, 0
2888, 1444, 8312, 72, 0, 0
2890, 1445, 8301, 72, 0, 0
2892, 1446, 8300, 68, 0, 0
2894, 1447, 8290, 75, 0, 0
2896, 1448, 8288, 76, 0, 0
2898, 1449, 8279, 72, 0, 0
2900, 1450, 8276, 70, 0, 0
2902, 1451, 8267, 70, 0, 0
2904, 1452, 8264, 71, 0, 0
2906, 1453, 8256, 79, 0, 0
2908, 1454, 8252, 65, 0, 0
2910, 1455, 8245, 72, 0, 0
2912, 1456, 8240, 71, 0, 0
2914, 1457, 8233, 75, 0, 0
2916, 1458, 8228, 76, 0, 0
2918, 1459, 8221, 69, 0, 0
2920, 1460, 8216, 69, 0, 0
2922, 1461, 8209, 67, 0, 0
2924, 1462, 8205, 70, 0, 0
2926, 1463, 8204, 71, 0, 0
2928, 1464, 8194, 71, 0, 0
2930, 1465, 8192, 75, 0, 0
2932, 1466, 8183, 73, 0, 0
2934, 1467, 8180, 69, 0, 0
2936, 1468, 8172, 67, 0, 0
2938, 1469, 8168, 69, 0, 0
2940, 1470, 8161, 82, 0, 0
2942, 1471, 8156, 84, 0, 0
2944, 1472, 8149, 92, 0, 0
2946, 1473, 8144, 90, 0, 0
2948, 1474, 8137, 80, 0, 0
2950, 1475, 8132, 77, 0, 0
2952, 1476, 8132, 75, 0, 0
2954, 1477, 8122, 74, 0, 0
2956, 1478, 8120, 70, 0, 0
2958, 1479, 8111, 71, 0, 0
2960, 1480, 8108, 78, 0, 0
2962, 1481, 8100, 70, 0, 0
2964, 1482, 8097, 72, 0, 0
2966, 1483, 8089, 68, 0, 0
2968, 1484, 8084, 67, 0, 0
2970, 1485, 8077, 89, 0, 0
2972, 1486, 8072, 73, 0, 0
2974, 1487, 8073, 67, 0, 0
2976, 1488, 8062, 74, 0, 0
2978, 1489, 8060, 77, 0, 0
2980, 1490, 8051, 59, 0, 0
2982, 1491, 8048, 89, 0, 0
2984, 1492, 8041, 80, 0, 0
2986, 1493, 8037, 74, 0, 0
2988, 1494, 8029, 64, 0, 0
2990, 1495, 8024, 75, 0, 0
2992, 1496, 8025, 69, 0, 0
2994, 1497, 8014, 71, 0, 0
2996, 1498, 8012, 76, 0, 0
2998, 1499, 8003, 69, 0, 0
3000, 1500, 8001, 79, 0, 0
3002, 1501, 7993, 72, 0, 0
3004, 1502, 7989, 78, 0, 0
3006, 1503, 7981, 70, 0, 0
3008, 1504, 7977, 68, 0, 0
3010, 1505, 7977, 67, 0, 0
3012, 1506, 8629, 75, 0, 0
3014, 1507, 7965, 56, 0, 0
3016, 1508, 8617, 74, 0, 0
3018, 1509, 8615, 76, 0, 0
3020, 1510, 8606, 76, 0, 0
3022, 1511, 7940, 87, 0, 0
3024, 1512, 8594, 66, 0, 0
3026, 1513, 8588, 77, 0, 0
3028, 1514, 8589, 79, 0, 0
3030, 1515, 8578, 74, 0, 0
3032, 1516, 8576, 88, 0, 0
3034, 1517, 8567, 67, 0, 0
3036, 1518, 8563, 69, 0, 0
3038, 1519, 8555, 68, 0, 0
3040, 1520, 8550, 70, 0, 0
3042, 1521, 8550, 73, 0, 0
3044, 1522, 8538, 70, 0, 0
3046, 1523, 8537, 68, 0, 0
3048, 1524, 8527, 68, 0, 0
3050, 1525, 8524, 66, 0, 0
3052, 1526, 8516, 73, 0, 0
3054, 1527, 8511, 77, 0, 0
3056, 1528, 8511, 74, 0, 0
3058, 1529, 8499, 70, 0, 0
3060, 1530, 8498, 67, 0, 0
3062, 1531, 8488, 77, 0, 0
3064, 1532, 8485, 67, 0, 0
3066, 1533, 8477, 69, 0, 0
3068, 1534, 8472, 50, 0, 0
3070, 1535, 8472, 81, 0, 0
3072, 1536, 8460, 100, 0, 0
3074, 1537, 8459, 81, 0, 0
3076, 1538, 8450, 78, 0, 0
3078, 1539, 8446, 72, 0, 0
3080, 1540, 8438, 76, 0, 0
3082, 1541, 8433, 70, 0, 0
3084, 1542, 8433, 74, 0, 0
3086, 1543, 8422, 71, 0, 0
3088, 1544, 8420, 73, 0, 0
3090, 1545, 8412, 78, 0, 0
3092, 1546, 8407, 71, 0, 0
3094, 1547, 8399, 75, 0, 0
3096, 1548, 8395, 79, 0, 0
3098, 1549, 8394, 82, 0, 0
3100, 1550, 8385, 74, 0, 0
3102, 1551, 8381, 73, 0, 0
3104, 1552, 8373, 84, 0, 0
3106, 1553, 8368, 70, 0, 0
3108, 1554, 8368, 76, 0, 0
3110, 1555, 8357, 77, 0, 0
3112, 1556, 8355, 67, 0, 0
3114, 1557, 8347, 67, 0, 0
3116, 1558, 8342, 80, 0, 0
3118, 1559, 8342, 77, 0, 0
3120, 1560, 8331, 73, 0, 0
3122, 1561, 8329, 73, 0, 0
3124, 1562, 8321, 71, 0, 0
3126, 1563, 8316, 70, 0, 0
3128, 1564, 8308, 78, 0, 0
3130, 1565, 8304, 79, 0, 0
3132, 1566, 8303, 76, 0, 0
3134, 1567, 8294, 75, 0, 0
3136, 1568, 8290, 78, 0, 0
3138, 1569, 8282, 76, 0, 0
3140, 1570, 8277, 92, 0, 0
3142, 1571, 8277, 92, 0, 0
3144, 1572, 8267, 81, 0, 0
3146, 1573, 8264, 77, 0, 0
3148, 1574, 8256, 70, 0, 0
3150, 1575, 8251, 67, 0, 0
3152, 1576, 8251, 72, 0, 0
3154, 1577, 8241, 74, 0, 0
3156, 1578, 8238, 76, 0, 0
3158, 1579, 8230, 73, 0, 0
3160, 1580, 8225, 71, 0, 0
3162, 1581, 8225, 71, 0, 0
3164, 1582, 8215, 74, 0, 0
3166, 1583, 8212, 72, 0, 0
3168, 1584, 8204, 67, 0, 0
3170, 1585, 8199, 74, 0, 0
3172, 1586, 8199, 76, 0, 0
3174, 1587, 8190, 74, 0, 0
3176, 1588, 8186, 71, 0, 0
3178, 1589, 8178, 70, 0, 0
3180, 1590, 8174, 68, 0, 0
3182, 1591, 8173, 78, 0, 0
3184, 1592, 8164, 73, 0, 0
3186, 1593, 8160, 72, 0, 0
3188, 1594, 8152, 78, 0, 0
3190, 1595, 8148, 69, 0, 0
3192, 1596, 8147, 67, 0, 0
3194, 1597, 8138, 73, 0, 0
3196, 1598, 8134, 74, 0, 0
3198, 1599, 8134, 83, 0, 0
3200, 1600, 8123, 72, 0, 0
3202, 1601, 8121, 77, 0, 0
3204, 1602, 8113, 78, 0, 0
3206, 1603, 8108, 77, 0, 0
3208, 1604, 8731, 72, 0, 0
3210, 1605, 8098, 79, 0, 0
3212, 1606, 8717, 75, 0, 0
3214, 1607, 8087, 82, 0, 0
3216, 1608, 8703, 75, 0, 0
3218, 1609, 8082, 90, 0, 0
3220, 1610, 8693, 76, 0, 0
3222, 1611, 8689, 76, 0, 0
3224, 1612, 8681, 66, 0, 0
3226, 1613, 8676, 73, 0, 0
3228, 1614, 8675, 69, 0, 0
3230, 1615, 8666, 66, 0, 0
3232, 1616, 8661, 71, 0, 0
3234, 1617, 8661, 73, 0, 0
3236, 1618, 8650, 70, 0, 0
3238, 1619, 8647, 72, 0, 0
3240, 1620, 8639, 76, 0, 0
3242, 1621, 8634, 71, 0, 0
3244, 1622, 8633, 67, 0, 0
3246, 1623, 8623, 71, 0, 0
3248, 1624, 8619, 69, 0, 0
3250, 1625, 8619, 73, 0, 0
3252, 1626, 8607, 70, 0, 0
3254, 1627, 8605, 75, 0, 0
3256, 1628, 8597, 68, 0, 0
3258, 1629, 8591, 74, 0, 0
3260, 1630, 8591, 69, 0, 0
3262, 1631, 8581, 77, 0, 0
3264, 1632, 8577, 69, 0, 0
3266, 1633, 8569, 67, 0, 0
3268, 1634, 8565, 95, 0, 0
3270, 1635, 8563, 90, 0, 0
3272, 1636, 8555, 75, 0, 0
3274, 1637, 8549, 63, 0, 0
3276, 1638, 8549, 77, 0, 0
3278, 1639, 8539, 77, 0, 0
3280, 1640, 8535, 75, 0, 0
3282, 1641, 8535, 74, 0, 0
3284, 1642, 8524, 74, 0, 0
3286, 1643, 8521, 72, 0, 0
3288, 1644, 8513, 74, 0, 0
3290, 1645, 8508, 77, 0, 0
3292, 1646, 8507, 74, 0, 0
3294, 1647, 8498, 75, 0, 0
3296, 1648, 8493, 74, 0, 0
3298, 1649, 8493, 73, 0, 0
3300, 1650, 8482, 75, 0, 0
3302, 1651, 8479, 73, 0, 0
3304, 1652, 8471, 80, 0, 0
3306, 1653, 8467, 81, 0, 0
3308, 1654, 8465, 67, 0, 0
3310, 1655, 8457, 71, 0, 0
3312, 1656, 8452, 65, 0, 0
3314, 1657, 8451, 71, 0, 0
3316, 1658, 8442, 74, 0, 0
3318, 1659, 8437, 70, 0, 0
3320, 1660, 8437, 72, 0, 0
3322, 1661, 8427, 74, 0, 0
3324, 1662, 8423, 78, 0, 0
3326, 1663, 8415, 72, 0, 0
3328, 1664, 8411, 72, 0, 0
3330, 1665, 8409, 76, 0, 0
3332, 1666, 8401, 72, 0, 0
3334, 1667, 8396, 73, 0, 0
3336, 1668, 8395, 72, 0, 0
3338, 1669, 8386, 71, 0, 0
3340, 1670, 8381, 77, 0, 0
3342, 1671, 8381, 73, 0, 0
3344, 1672, 8371, 113, 0, 0
3346, 1673, 8367, 83, 0, 0
3348, 1674, 8367, 72, 0, 0
3350, 1675, 8356, 64, 0, 0
3352, 1676, 8353, 74, 0, 0
3354, 1677, 8345, 74, 0, 0
3356, 1678, 8341, 68, 0, 0
3358, 1679, 8339, 68, 0, 0
3360, 1680, 8331, 71, 0, 0
3362, 1681, 8326, 71, 0, 0
3364, 1682, 8325, 71, 0, 0
3366, 1683, 8317, 76, 0, 0
3368, 1684, 8311, 71, 0, 0
3370, 1685, 8312, 68, 0, 0
3372, 1686, 8302, 72, 0, 0
3374, 1687, 8298, 65, 0, 0
3376, 1688, 8298, 69, 0, 0
3378, 1689, 8287, 66, 0, 0
3380, 1690, 8284, 63, 0, 0
3382, 1691, 8284, 77, 0, 0
3384, 1692, 8272, 73, 0, 0
3386, 1693, 8269, 74, 0, 0
3388, 1694, 8261, 77, 0, 0
3390, 1695, 8258, 70, 0, 0
3392, 1696, 8256, 69, 0, 0
3394, 1697, 8247, 69, 0, 0
3396, 1698, 8243, 75, 0, 0
3398, 1699, 8241, 72, 0, 0
3400, 1700, 8821, 76, 0, 0
3402, 1701, 8228, 72, 0, 0
3404, 1702, 8815, 78, 0, 0
3406, 1703, 8806, 79, 0, 0
3408, 1704, 8800, 77, 0, 0
3410, 1705, 8800, 79, 0, 0
3412, 1706, 8790, 70, 0, 0
3414, 1707, 8784, 75, 0, 0
3416, 1708, 8785, 71, 0, 0
3418, 1709, 8775, 65, 0, 0
3420, 1710, 8769, 79, 0, 0
3422, 1711, 8770, 72, 0, 0
3424, 1712, 8759, 82, 0, 0
3426, 1713, 8754, 79, 0, 0
3428, 1714, 8755, 72, 0, 0
3430, 1715, 8744, 76, 0, 0
3432, 1716, 8740, 77, 0, 0
3434, 1717, 8740, 79, 0, 0
3436, 1718, 8729, 80, 0, 0
3438, 1719, 8725, 70, 0, 0
3440, 1720, 8725, 74, 0, 0
3442, 1721, 8713, 69, 0, 0
3444, 1722, 8710, 71, 0, 0
3446, 1723, 8710, 68, 0, 0
3448, 1724, 8698, 76, 0, 0
3450, 1725, 8695, 73, 0, 0
3452, 1726, 8695, 64, 0, 0
3454, 1727, 8683, 71, 0, 0
3456, 1728, 8680, 63, 0, 0
3458, 1729, 8680, 66, 0, 0
3460, 1730, 8668, 76, 0, 0
3462, 1731, 8665, 65, 0, 0
3464, 1732, 8665, 66, 0, 0
3466, 1733, 8653, 96, 0, 0
3468, 1734, 8650, 68, 0, 0
3470, 1735, 8650, 96, 0, 0
3472, 1736, 8638, 86, 0, 0
3474, 1737, 8635, 84, 0, 0
3476, 1738, 8635, 65, 0, 0
3478, 1739, 8623, 74, 0, 0
3480, 1740, 8620, 76, 0, 0
3482, 1741, 8620, 78, 0, 0
3484, 1742, 8609, 74, 0, 0
3486, 1743, 8605, 85, 0, 0
3488, 1744, 8605, 75, 0, 0
3490, 1745, 8594, 76, 0, 0
3492, 1746, 8590, 75, 0, 0
3494, 1747, 8590, 76, 0, 0
3496, 1748, 8579, 68, 0, 0
3498, 1749, 8575, 71, 0, 0
3500, 1750, 8575, 73, 0, 0
3502, 1751, 8565, 66, 0, 0
3504, 1752, 8560, 59, 0, 0
3506, 1753, 8560, 68, 0, 0
3508, 1754, 8550, 72, 0, 0
3510, 1755, 8545, 73, 0, 0
3512, 1756, 8545, 75, 0, 0
3514, 1757, 8536, 69, 0, 0
3516, 1758, 8530, 69, 0, 0
3518, 1759, 8530, 75, 0, 0
3520, 1760, 8521, 74, 0, 0
3522, 1761, 8515, 70, 0, 0
3524, 1762, 8515, 73, 0, 0
3526, 1763, 8506, 75, 0, 0
3528, 1764, 8501, 74, 0, 0
3530, 1765, 8500, 79, 0, 0
3532, 1766, 8491, 70, 0, 0
3534, 1767, 8487, 70, 0, 0
3536, 1768, 8485, 66, 0, 0
3538, 1769, 8476, 67, 0, 0
3540, 1770, 8473, 59, 0, 0
3542, 1771, 8470, 70, 0, 0
3544, 1772, 8470, 62, 0, 0
3546, 1773, 8458, 74, 0, 0
3548, 1774, 8455, 74, 0, 0
3550, 1775, 8455, 73, 0, 0
3552, 1776, 8444, 76, 0, 0
3554, 1777, 8440, 75, 0, 0
3556, 1778, 8440, 69, 0, 0
3558, 1779, 8430, 74, 0, 0
3560, 1780, 8425, 77, 0, 0
3562, 1781, 8425, 74, 0, 0
3564, 1782, 8416, 74, 0, 0
3566, 1783, 8411, 81, 0, 0
3568, 1784, 8410, 73, 0, 0
3570, 1785, 8401, 74, 0, 0
3572, 1786, 8397, 75, 0, 0
3574, 1787, 8395, 71, 0, 0
3576, 1788, 8386, 71, 0, 0
3578, 1789, 8383, 80, 0, 0
3580, 1790, 8380, 69, 0, 0
3582, 1791, 8380, 74, 0, 0
3584, 1792, 8369, 69, 0, 0
3586, 1793, 8365, 76, 0, 0
3588, 1794, 8365, 74, 0, 0
3590, 1795, 8355, 71, 0, 0
3592, 1796, 8350, 74, 0, 0
3594, 1797, 8350, 75, 0, 0
3596, 1798, 8341, 73, 0, 0
3598, 1799, 8336, 74, 0, 0
3600, 1800, 8335, 77, 0, 0
3602, 1801, 8881, 75, 0, 0
3604, 1802, 8876, 71, 0, 0
3606, 1803, 8874, 76, 0, 0
3608, 1804, 8320, 80, 0, 0
3610, 1805, 8862, 74, 0, 0
3612, 1806, 8858, 79, 0, 0
3614, 1807, 8858, 75, 0, 0
3616, 1808, 8847, 76, 0, 0
3618, 1809, 8842, 87, 0, 0
3620, 1810, 8842, 75, 0, 0
3622, 1811, 8833, 76, 0, 0
3624, 1812, 8827, 76, 0, 0
3626, 1813, 8826, 73, 0, 0
3628, 1814, 8817, 81, 0, 0
3630, 1815, 8813, 76, 0, 0
3632, 1816, 8810, 78, 0, 0
3634, 1817, 8810, 71, 0, 0
3636, 1818, 8799, 71, 0, 0
3638, 1819, 8794, 75, 0, 0
3640, 1820, 8794, 73, 0, 0
3642, 1821, 8784, 77, 0, 0
3644, 1822, 8779, 70, 0, 0
3646, 1823, 8778, 74, 0, 0
3648, 1824, 8769, 71, 0, 0
3650, 1825, 8765, 72, 0, 0
3652, 1826, 8762, 68, 0, 0
3654, 1827, 8762, 75, 0, 0
3656, 1828, 8750, 77, 0, 0
3658, 1829, 8746, 72, 0, 0
3660, 1830, 8746, 80, 0, 0
3662, 1831, 8737, 70, 0, 0
3664, 1832, 8731, 73, 0, 0
3666, 1833, 8730, 65, 0, 0
3668, 1834, 8721, 85, 0, 0
3670, 1835, 8717, 57, 0, 0
3672, 1836, 8714, 77, 0, 0
3674, 1837, 8714, 73, 0, 0
3676, 1838, 8703, 74, 0, 0
3678, 1839, 8698, 70, 0, 0
3680, 1840, 8698, 75, 0, 0
3682, 1841, 8689, 75, 0, 0
3684, 1842, 8684, 69, 0, 0
3686, 1843, 8682, 73, 0, 0
3688, 1844, 8682, 72, 0, 0
3690, 1845, 8670, 70, 0, 0
3692, 1846, 8666, 78, 0, 0
3694, 1847, 8666, 72, 0, 0
3696, 1848, 8657, 70, 0, 0
3698, 1849, 8651, 76, 0, 0
3700, 1850, 8650, 75, 0, 0
3702, 1851, 8641, 71, 0, 0
3704, 1852, 8638, 75, 0, 0
3706, 1853, 8634, 63, 0, 0
3708, 1854, 8634, 72, 0, 0
3710, 1855, 8624, 74, 0, 0
3712, 1856, 8619, 70, 0, 0
3714, 1857, 8618, 75, 0, 0
3716, 1858, 8609, 75, 0, 0
3718, 1859, 8605, 73, 0, 0
3720, 1860, 8602, 74, 0, 0
3722, 1861, 8603, 72, 0, 0
3724, 1862, 8591, 79, 0, 0
3726, 1863, 8586, 73, 0, 0
3728, 1864, 8586, 78, 0, 0
3730, 1865, 8577, 72, 0, 0
3732, 1866, 8573, 74, 0, 0
3734, 1867, 8570, 76, 0, 0
3736, 1868, 8570, 72, 0, 0
3738, 1869, 8559, 67, 0, 0
3740, 1870, 8554, 88, 0, 0
3742, 1871, 8554, 83, 0, 0
3744, 1872, 8545, 57, 0, 0
3746, 1873, 8541, 79, 0, 0
3748, 1874, 8538, 74, 0, 0
3750, 1875, 8538, 73, 0, 0
3752, 1876, 8527, 69, 0, 0
3754, 1877, 8522, 76, 0, 0
3756, 1878, 8523, 70, 0, 0
3758, 1879, 8513, 79, 0, 0
3760, 1880, 8509, 68, 0, 0
3762, 1881, 8507, 74, 0, 0
3764, 1882, 8507, 69, 0, 0
3766, 1883, 8496, 66, 0, 0
3768, 1884, 8490, 80, 0, 0
3770, 1885, 8490, 76, 0, 0
3772, 1886, 8481, 79, 0, 0
3774, 1887, 8477, 74, 0, 0
3776, 1888, 8474, 69, 0, 0
3778, 1889, 8475, 66, 0, 0
3780, 1890, 8465, 80, 0, 0
3782, 1891, 8459, 76, 0, 0
3784, 1892, 8459, 73, 0, 0
3786, 1893, 8449, 72, 0, 0
3788, 1894, 8446, 69, 0, 0
3790, 1895, 8443, 74, 0, 0
3792, 1896, 8969, 68, 0, 0
3794, 1897, 8433, 77, 0, 0
3796, 1898, 8428, 75, 0, 0
3798, 1899, 8952, 81, 0, 0
3800, 1900, 8953, 81, 0, 0
3802, 1901, 8416, 71, 0, 0
3804, 1902, 8410, 71, 0, 0
3806, 1903, 8410, 80, 0, 0
3808, 1904, 8401, 68, 0, 0
3810, 1905, 8921, 71, 0, 0
3812, 1906, 8919, 73, 0, 0
3814, 1907, 8919, 74, 0, 0
3816, 1908, 8908, 77, 0, 0
3818, 1909, 8903, 78, 0, 0
3820, 1910, 8902, 80, 0, 0
3822, 1911, 8902, 67, 0, 0
3824, 1912, 8889, 70, 0, 0
3826, 1913, 8884, 78, 0, 0
3828, 1914, 8885, 57, 0, 0
3830, 1915, 8875, 90, 0, 0
3832, 1916, 8870, 75, 0, 0
3834, 1917, 8867, 75, 0, 0
3836, 1918, 8868, 64, 0, 0
3838, 1919, 8857, 75, 0, 0
3840, 1920, 8852, 71, 0, 0
3842, 1921, 8851, 69, 0, 0
3844, 1922, 8851, 72, 0, 0
3846, 1923, 8838, 70, 0, 0
3848, 1924, 8834, 73, 0, 0
3850, 1925, 8834, 74, 0, 0
3852, 1926, 8824, 81, 0, 0
3854, 1927, 8820, 69, 0, 0
3856, 1928, 8817, 73, 0, 0
3858, 1929, 8817, 68, 0, 0
3860, 1930, 8807, 70, 0, 0
3862, 1931, 8802, 67, 0, 0
3864, 1932, 8800, 59, 0, 0
3866, 1933, 8800, 50, 0, 0
3868, 1934, 8788, 81, 0, 0
3870, 1935, 8783, 108, 0, 0
3872, 1936, 8783, 80, 0, 0
3874, 1937, 8773, 83, 0, 0
3876, 1938, 8770, 77, 0, 0
3878, 1939, 8766, 73, 0, 0
3880, 1940, 8766, 70, 0, 0
3882, 1941, 8756, 78, 0, 0
3884, 1942, 8752, 71, 0, 0
3886, 1943, 8749, 79, 0, 0
3888, 1944, 8749, 80, 0, 0
3890, 1945, 8739, 81, 0, 0
3892, 1946, 8734, 73, 0, 0
3894, 1947, 8732, 76, 0, 0
3896, 1948, 8732, 74, 0, 0
3898, 1949, 8721, 73, 0, 0
3900, 1950, 8716, 73, 0, 0
3902, 1951, 8715, 65, 0, 0
3904, 1952, 8715, 69, 0, 0
3906, 1953, 8703, 74, 0, 0
3908, 1954, 8698, 76, 0, 0
3910, 1955, 8698, 71, 0, 0
3912, 1956, 8688, 72, 0, 0
3914, 1957, 8685, 78, 0, 0
3916, 1958, 8681, 78, 0, 0
3918, 1959, 8681, 72, 0, 0
3920, 1960, 8671, 75, 0, 0
3922, 1961, 8667, 79, 0, 0
3924, 1962, 8664, 73, 0, 0
3926, 1963, 8664, 79, 0, 0
3928, 1964, 8654, 71, 0, 0
3930, 1965, 8650, 74, 0, 0
3932, 1966, 8647, 75, 0, 0
3934, 1967, 8647, 73, 0, 0
3936, 1968, 8637, 73, 0, 0
3938, 1969, 8632, 62, 0, 0
3940, 1970, 8630, 109, 0, 0
3942, 1971, 8630, 61, 0, 0
3944, 1972, 8620, 79, 0, 0
3946, 1973, 8615, 73, 0, 0
3948, 1974, 8613, 78, 0, 0
3950, 1975, 8613, 71, 0, 0
3952, 1976, 8602, 75, 0, 0
3954, 1977, 8597, 74, 0, 0
3956, 1978, 8596, 76, 0, 0
3958, 1979, 8596, 73, 0, 0
3960, 1980, 8585, 68, 0, 0
3962, 1981, 8580, 74, 0, 0
3964, 1982, 8579, 72, 0, 0
3966, 1983, 8579, 74, 0, 0
3968, 1984, 8567, 80, 0, 0
3970, 1985, 8563, 79, 0, 0
3972, 1986, 8562, 75, 0, 0
3974, 1987, 8562, 75, 0, 0
3976, 1988, 8550, 68, 0, 0
3978, 1989, 8545, 75, 0, 0
3980, 1990, 8545, 73, 0, 0
3982, 1991, 8545, 69, 0, 0
3984, 1992, 8533, 74, 0, 0
3986, 1993, 8528, 75, 0, 0
3988, 1994, 8528, 71, 0, 0
3990, 1995, 8528, 86, 0, 0
3992, 1996, 8516, 70, 0, 0
3994, 1997, 8511, 70, 0, 0
3996, 1998, 8511, 67, 0, 0
3998, 1999, 8511, 74, 0, 0
4000, 2000, 8998, 76, 0, 0
4002, 2001, 8993, 65, 0, 0
4004, 2002, 8993, 76, 0, 0
4006, 2003, 8993, 72, 0, 0
4008, 2004, 8980, 76, 0, 0
4010, 2005, 8975, 71, 0, 0
4012, 2006, 8975, 73, 0, 0
4014, 2007, 8975, 76, 0, 0
4016, 2008, 8962, 71, 0, 0
4018, 2009, 8958, 72, 0, 0
4020, 2010, 8957, 68, 0, 0
4022, 2011, 8957, 75, 0, 0
4024, 2012, 8944, 81, 0, 0
4026, 2013, 8940, 73, 0, 0
4028, 2014, 8939, 82, 0, 0
4030, 2015, 8939, 74, 0, 0
4032, 2016, 8927, 71, 0, 0
4034, 2017, 8922, 74, 0, 0
4036, 2018, 8921, 70, 0, 0
4038, 2019, 8921, 71, 0, 0
4040, 2020, 8909, 70, 0, 0
4042, 2021, 8905, 66, 0, 0
4044, 2022, 8903, 74, 0, 0
4046, 2023, 8903, 71, 0, 0
4048, 2024, 8892, 68, 0, 0
4050, 2025, 8887, 72, 0, 0
4052, 2026, 8885, 78, 0, 0
4054, 2027, 8885, 69, 0, 0
4056, 2028, 8874, 75, 0, 0
4058, 2029, 8869, 69, 0, 0
4060, 2030, 8867, 69, 0, 0
4062, 2031, 8867, 72, 0, 0
4064, 2032, 8857, 70, 0, 0
4066, 2033, 8852, 70, 0, 0
4068, 2034, 8849, 73, 0, 0
4070, 2035, 8849, 66, 0, 0
4072, 2036, 8839, 69, 0, 0
4074, 2037, 8835, 71, 0, 0
4076, 2038, 8831, 76, 0, 0
4078, 2039, 8831, 74, 0, 0
4080, 2040, 8821, 72, 0, 0
4082, 2041, 8818, 81, 0, 0
4084, 2042, 8813, 75, 0, 0
4086, 2043, 8813, 79, 0, 0
4088, 2044, 8803, 75, 0, 0
4090, 2045, 8800, 72, 0, 0
4092, 2046, 8796, 62, 0, 0
4094, 2047, 8795, 74, 0, 0
4096, 2048, 8795, 75, 0, 0
4098, 2049, 8784, 73, 0, 0
4100, 2050, 8779, 74, 0, 0
4102, 2051, 8777, 75, 0, 0
4104, 2052, 8777, 79, 0, 0
4106, 2053, 8766, 70, 0, 0
4108, 2054, 8762, 67, 0, 0
4110, 2055, 8760, 67, 0, 0
4112, 2056, 8759, 73, 0, 0
4114, 2057, 8749, 74, 0, 0
4116, 2058, 8745, 76, 0, 0
4118, 2059, 8742, 68, 0, 0
4120, 2060, 8741, 77, 0, 0
4122, 2061, 8731, 75, 0, 0
4124, 2062, 8728, 73, 0, 0
4126, 2063, 8724, 72, 0, 0
4128, 2064, 8724, 72, 0, 0
4130, 2065, 8724, 71, 0, 0
4132, 2066, 8711, 70, 0, 0
4134, 2067, 8707, 69, 0, 0
4136, 2068, 8705, 69, 0, 0
4138, 2069, 8705, 81, 0, 0
4140, 2070, 8695, 78, 0, 0
4142, 2071, 8690, 99, 0, 0
4144, 2072, 8687, 80, 0, 0
4146, 2073, 8688, 68, 0, 0
4148, 2074, 8677, 73, 0, 0
4150, 2075, 8673, 72, 0, 0
4152, 2076, 8670, 70, 0, 0
4154, 2077, 8669, 69, 0, 0
4156, 2078, 8669, 71, 0, 0
4158, 2079, 8657, 73, 0, 0
4160, 2080, 8652, 73, 0, 0
4162, 2081, 8651, 77, 0, 0
4164, 2082, 8652, 67, 0, 0
4166, 2083, 8641, 72, 0, 0
4168, 2084, 8636, 76, 0, 0
4170, 2085, 8634, 67, 0, 0
4172, 2086, 8634, 69, 0, 0
4174, 2087, 8623, 66, 0, 0
4176, 2088, 8620, 67, 0, 0
4178, 2089, 8615, 68, 0, 0
4180, 2090, 8615, 83, 0, 0
4182, 2091, 8616, 71, 0, 0
4184, 2092, 9080, 66, 0, 0
4186, 2093, 8599, 77, 0, 0
4188, 2094, 8598, 68, 0, 0
4190, 2095, 8598, 73, 0, 0
4192, 2096, 8587, 73, 0, 0
4194, 2097, 8583, 67, 0, 0
4196, 2098, 8580, 67, 0, 0
4198, 2099, 9055, 78, 0, 0
4200, 2100, 9045, 77, 0, 0
4202, 2101, 9042, 67, 0, 0
4204, 2102, 9037, 68, 0, 0
4206, 2103, 9037, 67, 0, 0
4208, 2104, 9037, 74, 0, 0
4210, 2105, 9024, 74, 0, 0
4212, 2106, 9020, 80, 0, 0
4214, 2107, 9018, 71, 0, 0
4216, 2108, 9018, 66, 0, 0
4218, 2109, 9007, 78, 0, 0
4220, 2110, 9003, 74, 0, 0
4222, 2111, 8999, 82, 0, 0
4224, 2112, 8999, 75, 0, 0
4226, 2113, 8999, 65, 0, 0
4228, 2114, 8986, 83, 0, 0
4230, 2115, 8982, 70, 0, 0
4232, 2116, 8980, 72, 0, 0
4234, 2117, 8980, 81, 0, 0
4236, 2118, 8969, 83, 0, 0
4238, 2119, 8965, 69, 0, 0
4240, 2120, 8961, 74, 0, 0
4242, 2121, 8961, 74, 0, 0
4244, 2122, 8961, 72, 0, 0
4246, 2123, 8948, 77, 0, 0
4248, 2124, 8943, 76, 0, 0
4250, 2125, 8942, 71, 0, 0
4252, 2126, 8942, 71, 0, 0
4254, 2127, 8931, 67, 0, 0
4256, 2128, 8927, 72, 0, 0
4258, 2129, 8923, 75, 0, 0
4260, 2130, 8923, 67, 0, 0
4262, 2131, 8923, 88, 0, 0
4264, 2132, 8911, 78, 0, 0
4266, 2133, 8906, 68, 0, 0
4268, 2134, 8904, 93, 0, 0
4270, 2135, 8904, 78, 0, 0
4272, 2136, 8893, 78, 0, 0
4274, 2137, 8890, 69, 0, 0
4276, 2138, 8885, 79, 0, 0
4278, 2139, 8885, 75, 0, 0
4280, 2140, 8885, 80, 0, 0
4282, 2141, 8873, 71, 0, 0
4284, 2142, 8869, 87, 0, 0
4286, 2143, 8866, 70, 0, 0
4288, 2144, 8866, 74, 0, 0
4290, 2145, 8855, 72, 0, 0
4292, 2146, 8852, 74, 0, 0
4294, 2147, 8848, 80, 0, 0
4296, 2148, 8847, 78, 0, 0
4298, 2149, 8847, 71, 0, 0
4300, 2150, 8836, 69, 0, 0
4302, 2151, 8832, 81, 0, 0
4304, 2152, 8828, 67, 0, 0
4306, 2153, 8828, 68, 0, 0
4308, 2154, 8828, 72, 0, 0
4310, 2155, 8816, 74, 0, 0
4312, 2156, 8811, 72, 0, 0
4314, 2157, 8809, 86, 0, 0
4316, 2158, 8809, 71, 0, 0
4318, 2159, 8798, 76, 0, 0
4320, 2160, 8795, 68, 0, 0
4322, 2161, 8791, 73, 0, 0
4324, 2162, 8790, 79, 0, 0
4326, 2163, 8790, 76, 0, 0
4328, 2164, 8779, 74, 0, 0
4330, 2165, 8775, 74, 0, 0
4332, 2166, 8771, 71, 0, 0
4334, 2167, 8771, 67, 0, 0
4336, 2168, 8771, 82, 0, 0
4338, 2169, 8759, 81, 0, 0
4340, 2170, 8754, 76, 0, 0
4342, 2171, 8752, 71, 0, 0
4344, 2172, 8752, 74, 0, 0
4346, 2173, 8741, 75, 0, 0
4348, 2174, 8739, 74, 0, 0
4350, 2175, 8734, 73, 0, 0
4352, 2176, 8733, 70, 0, 0
4354, 2177, 8733, 76, 0, 0
4356, 2178, 8722, 78, 0, 0
4358, 2179, 8719, 79, 0, 0
4360, 2180, 8714, 71, 0, 0
4362, 2181, 8714, 78, 0, 0
4364, 2182, 8714, 75, 0, 0
4366, 2183, 8703, 73, 0, 0
4368, 2184, 8698, 73, 0, 0
4370, 2185, 8695, 75, 0, 0
4372, 2186, 8695, 75, 0, 0
4374, 2187, 8695, 70, 0, 0
4376, 2188, 8683, 65, 0, 0
4378, 2189, 8679, 75, 0, 0
4380, 2190, 8676, 70, 0, 0
4382, 2191, 8676, 72, 0, 0
4384, 2192, 9121, 76, 0, 0
4386, 2193, 9118, 71, 0, 0
4388, 2194, 9114, 68, 0, 0
4390, 2195, 9112, 56, 0, 0
4392, 2196, 9112, 58, 0, 0
4394, 2197, 9101, 59, 0, 0
4396, 2198, 9098, 65, 0, 0
4398, 2199, 9093, 70, 0, 0
4400, 2200, 9092, 79, 0, 0
4402, 2201, 9092, 69, 0, 0
4404, 2202, 9081, 74, 0, 0
4406, 2203, 9077, 72, 0, 0
4408, 2204, 9072, 74, 0, 0
4410, 2205, 9072, 78, 0, 0
4412, 2206, 9072, 75, 0, 0
4414, 2207, 9061, 71, 0, 0
4416, 2208, 9056, 67, 0, 0
4418, 2209, 9052, 73, 0, 0
4420, 2210, 9052, 72, 0, 0
4422, 2211, 9052, 71, 0, 0
4424, 2212, 9041, 73, 0, 0
4426, 2213, 9036, 81, 0, 0
4428, 2214, 9032, 89, 0, 0
4430, 2215, 9032, 76, 0, 0
4432, 2216, 9032, 74, 0, 0
4434, 2217, 9020, 69, 0, 0
4436, 2218, 9016, 75, 0, 0
4438, 2219, 9012, 71, 0, 0
4440, 2220, 9012, 71, 0, 0
4442, 2221, 9012, 73, 0, 0
4444, 2222, 9000, 74, 0, 0
4446, 2223, 8995, 72, 0, 0
4448, 2224, 8992, 69, 0, 0
4450, 2225, 8992, 71, 0, 0
4452, 2226, 8992, 73, 0, 0
4454, 2227, 8980, 72, 0, 0
4456, 2228, 8975, 81, 0, 0
4458, 2229, 8972, 81, 0, 0
4460, 2230, 8972, 68, 0, 0
4462, 2231, 8972, 72, 0, 0
4464, 2232, 8960, 64, 0, 0
4466, 2233, 8955, 60, 0, 0
4468, 2234, 8952, 77, 0, 0
4470, 2235, 8952, 79, 0, 0
4472, 2236, 8952, 77, 0, 0
4474, 2237, 8939, 72, 0, 0
4476, 2238, 8935, 73, 0, 0
4478, 2239, 8932, 68, 0, 0
4480, 2240, 8932, 68, 0, 0
4482, 2241, 8932, 68, 0, 0
4484, 2242, 8920, 79, 0, 0
4486, 2243, 8915, 74, 0, 0
4488, 2244, 8912, 71, 0, 0
4490, 2245, 8912, 69, 0, 0
4492, 2246, 8912, 67, 0, 0
4494, 2247, 8900, 74, 0, 0
4496, 2248, 8895, 69, 0, 0
4498, 2249, 8892, 77, 0, 0
4500, 2250, 8893, 71, 0, 0
4502, 2251, 8892, 72, 0, 0
4504, 2252, 8880, 83, 0, 0
4506, 2253, 8876, 73, 0, 0
4508, 2254, 8872, 75, 0, 0
4510, 2255, 8872, 70, 0, 0
4512, 2256, 8872, 72, 0, 0
4514, 2257, 8861, 75, 0, 0
4516, 2258, 8856, 68, 0, 0
4518, 2259, 8853, 72, 0, 0
4520, 2260, 8852, 73, 0, 0
4522, 2261, 8852, 74, 0, 0
4524, 2262, 8841, 74, 0, 0
4526, 2263, 8837, 76, 0, 0
4528, 2264, 8832, 78, 0, 0
4530, 2265, 8833, 73, 0, 0
4532, 2266, 8832, 68, 0, 0
4534, 2267, 8821, 70, 0, 0
4536, 2268, 8817, 71, 0, 0
4538, 2269, 8813, 63, 0, 0
4540, 2270, 8812, 93, 0, 0
4542, 2271, 8812, 87, 0, 0
4544, 2272, 8801, 78, 0, 0
4546, 2273, 8798, 70, 0, 0
4548, 2274, 8794, 73, 0, 0
4550, 2275, 8792, 71, 0, 0
4552, 2276, 8793, 72, 0, 0
4554, 2277, 8781, 72, 0, 0
4556, 2278, 8779, 83, 0, 0
4558, 2279, 8775, 68, 0, 0
4560, 2280, 8773, 72, 0, 0
4562, 2281, 8773, 65, 0, 0
4564, 2282, 8773, 65, 0, 0
4566, 2283, 8760, 85, 0, 0
4568, 2284, 8756, 70, 0, 0
4570, 2285, 8752, 72, 0, 0
4572, 2286, 8753, 73, 0, 0
4574, 2287, 8752, 68, 0, 0
4576, 2288, 8741, 67, 0, 0
4578, 2289, 8737, 84, 0, 0
4580, 2290, 8732, 81, 0, 0
4582, 2291, 9169, 67, 0, 0
4584, 2292, 9169, 65, 0, 0
4586, 2293, 9157, 61, 0, 0
4588, 2294, 9153, 68, 0, 0
4590, 2295, 9149, 65, 0, 0
4592, 2296, 9148, 89, 0, 0
4594, 2297, 9148, 89, 0, 0
4596, 2298, 9136, 81, 0, 0
4598, 2299, 9133, 76, 0, 0
4600, 2300, 9129, 77, 0, 0
4602, 2301, 9127, 72, 0, 0
4604, 2302, 9127, 74, 0, 0
4606, 2303, 9127, 83, 0, 0
4608, 2304, 9113, 73, 0, 0
4610, 2305, 9109, 72, 0, 0
4612, 2306, 9106, 71, 0, 0
4614, 2307, 9106, 74, 0, 0
4616, 2308, 9105, 78, 0, 0
4618, 2309, 9094, 78, 0, 0
4620, 2310, 9089, 75, 0, 0
4622, 2311, 9085, 69, 0, 0
4624, 2312, 9084, 78, 0, 0
4626, 2313, 9085, 64, 0, 0
4628, 2314, 9073, 96, 0, 0
4630, 2315, 9070, 76, 0, 0
4632, 2316, 9066, 69, 0, 0
4634, 2317, 9064, 70, 0, 0
4636, 2318, 9064, 72, 0, 0
4638, 2319, 9064, 65, 0, 0
4640, 2320, 9051, 69, 0, 0
4642, 2321, 9046, 75, 0, 0
4644, 2322, 9043, 69, 0, 0
4646, 2323, 9043, 81, 0, 0
4648, 2324, 9043, 72, 0, 0
4650, 2325, 9031, 69, 0, 0
4652, 2326, 9027, 76, 0, 0
4654, 2327, 9023, 69, 0, 0
4656, 2328, 9022, 67, 0, 0
4658, 2329, 9022, 67, 0, 0
4660, 2330, 9022, 66, 0, 0
4662, 2331, 9008, 95, 0, 0
4664, 2332, 9004, 57, 0, 0
4666, 2333, 9001, 76, 0, 0
4668, 2334, 9001, 115, 0, 0
4670, 2335, 9001, 75, 0, 0
4672, 2336, 8989, 78, 0, 0
4674, 2337, 8985, 75, 0, 0
4676, 2338, 8981, 75, 0, 0
4678, 2339, 8980, 81, 0, 0
4680, 2340, 8980, 74, 0, 0
4682, 2341, 8968, 77, 0, 0
4684, 2342, 8966, 69, 0, 0
4686, 2343, 8962, 74, 0, 0
4688, 2344, 8959, 70, 0, 0
4690, 2345, 8959, 73, 0, 0
4692, 2346, 8959, 71, 0, 0
4694, 2347, 8947, 76, 0, 0
4696, 2348, 8943, 75, 0, 0
4698, 2349, 8939, 69, 0, 0
4700, 2350, 8938, 72, 0, 0
4702, 2351, 8938, 75, 0, 0
4704, 2352, 8926, 72, 0, 0
4706, 2353, 8924, 74, 0, 0
4708, 2354, 8920, 66, 0, 0
4710, 2355, 8917, 75, 0, 0
4712, 2356, 8917, 79, 0, 0
4714, 2357, 8917, 76, 0, 0
4716, 2358, 8905, 74, 0, 0
4718, 2359, 8901, 72, 0, 0
4720, 2360, 8897, 74, 0, 0
4722, 2361, 8896, 75, 0, 0
4724, 2362, 8896, 73, 0, 0
4726, 2363, 8896, 78, 0, 0
4728, 2364, 8883, 72, 0, 0
4730, 2365, 8879, 71, 0, 0
4732, 2366, 8875, 73, 0, 0
4734, 2367, 8875, 79, 0, 0
4736, 2368, 8875, 70, 0, 0
4738, 2369, 8863, 68, 0, 0
4740, 2370, 8860, 66, 0, 0
4742, 2371, 8856, 77, 0, 0
4744, 2372, 8854, 77, 0, 0
4746, 2373, 8854, 72, 0, 0
4748, 2374, 8854, 73, 0, 0
4750, 2375, 8842, 74, 0, 0
4752, 2376, 8837, 72, 0, 0
4754, 2377, 8833, 72, 0, 0
4756, 2378, 8833, 79, 0, 0
4758, 2379, 8833, 71, 0, 0
4760, 2380, 8821, 71, 0, 0
4762, 2381, 8819, 75, 0, 0
4764, 2382, 8815, 69, 0, 0
4766, 2383, 9231, 75, 0, 0
4768, 2384, 8812, 71, 0, 0
4770, 2385, 8812, 74, 0, 0
4772, 2386, 9219, 73, 0, 0
4774, 2387, 8797, 73, 0, 0
4776, 2388, 9211, 70, 0, 0
4778, 2389, 8791, 72, 0, 0
4780, 2390, 9209, 73, 0, 0
4782, 2391, 9209, 74, 0, 0
4784, 2392, 8779, 72, 0, 0
4786, 2393, 9192, 70, 0, 0
4788, 2394, 9188, 62, 0, 0
4790, 2395, 8770, 72, 0, 0
4792, 2396, 9187, 67, 0, 0
4794, 2397, 9187, 60, 0, 0
4796, 2398, 9173, 64, 0, 0
4798, 2399, 9169, 74, 0, 0
4800, 2400, 9165, 78, 0, 0
4802, 2401, 9165, 76, 0, 0
4804, 2402, 9165, 77, 0, 0
4806, 2403, 9153, 72, 0, 0
4808, 2404, 9150, 76, 0, 0
4810, 2405, 9146, 78, 0, 0
4812, 2406, 9143, 75, 0, 0
4814, 2407, 9143, 77, 0, 0
4816, 2408, 9143, 74, 0, 0
4818, 2409, 9131, 76, 0, 0
4820, 2410, 9127, 72, 0, 0
4822, 2411, 9123, 74, 0, 0
4824, 2412, 9121, 71, 0, 0
4826, 2413, 9121, 73, 0, 0
4828, 2414, 9121, 62, 0, 0
4830, 2415, 9109, 70, 0, 0
4832, 2416, 9105, 70, 0, 0
4834, 2417, 9101, 72, 0, 0
4836, 2418, 9099, 77, 0, 0
4838, 2419, 9099, 77, 0, 0
4840, 2420, 9099, 69, 0, 0
4842, 2421, 9086, 73, 0, 0
4844, 2422, 9082, 74, 0, 0
4846, 2423, 9078, 73, 0, 0
4848, 2424, 9077, 73, 0, 0
4850, 2425, 9077, 72, 0, 0
4852, 2426, 9077, 69, 0, 0
4854, 2427, 9064, 69, 0, 0
4856, 2428, 9060, 71, 0, 0
4858, 2429, 9056, 71, 0, 0
4860, 2430, 9055, 67, 0, 0
4862, 2431, 9055, 74, 0, 0
4864, 2432, 9055, 80, 0, 0
4866, 2433, 9041, 84, 0, 0
4868, 2434, 9037, 81, 0, 0
4870, 2435, 9034, 68, 0, 0
4872, 2436, 9033, 72, 0, 0
4874, 2437, 9033, 73, 0, 0
4876, 2438, 9033, 70, 0, 0
4878, 2439, 9019, 76, 0, 0
4880, 2440, 9015, 76, 0, 0
4882, 2441, 9011, 78, 0, 0
4884, 2442, 9011, 72, 0, 0
4886, 2443, 9011, 71, 0, 0
4888, 2444, 8999, 71, 0, 0
4890, 2445, 8997, 77, 0, 0
4892, 2446, 8993, 75, 0, 0
4894, 2447, 8989, 72, 0, 0
4896, 2448, 8989, 76, 0, 0
4898, 2449, 8989, 75, 0, 0
4900, 2450, 8977, 69, 0, 0
4902, 2451, 8975, 84, 0, 0
4904, 2452, 8971, 67, 0, 0
4906, 2453, 8967, 73, 0, 0
4908, 2454, 8967, 76, 0, 0
4910, 2455, 8968, 65, 0, 0
4912, 2456, 8967, 78, 0, 0
4914, 2457, 8953, 79, 0, 0
4916, 2458, 8950, 76, 0, 0
4918, 2459, 8946, 70, 0, 0
4920, 2460, 8945, 71, 0, 0
4922, 2461, 8945, 76, 0, 0
4924, 2462, 8946, 70, 0, 0
4926, 2463, 8932, 72, 0, 0
4928, 2464, 8928, 75, 0, 0
4930, 2465, 8924, 70, 0, 0
4932, 2466, 8923, 75, 0, 0
4934, 2467, 8923, 60, 0, 0
4936, 2468, 8923, 57, 0, 0
4938, 2469, 8910, 78, 0, 0
4940, 2470, 8906, 84, 0, 0
4942, 2471, 8902, 78, 0, 0
4944, 2472, 8902, 73, 0, 0
4946, 2473, 8901, 79, 0, 0
4948, 2474, 8902, 73, 0, 0
4950, 2475, 8889, 77, 0, 0
4952, 2476, 8885, 74, 0, 0
4954, 2477, 8881, 67, 0, 0
4956, 2478, 8880, 68, 0, 0
4958, 2479, 8880, 68, 0, 0
4960, 2480, 8880, 70, 0, 0
4962, 2481, 8867, 67, 0, 0
4964, 2482, 8863, 71, 0, 0
4966, 2483, 8860, 69, 0, 0
4968, 2484, 8858, 72, 0, 0
4970, 2485, 9260, 66, 0, 0
4972, 2486, 8857, 71, 0, 0
4974, 2487, 8845, 68, 0, 0
4976, 2488, 8842, 66, 0, 0
4978, 2489, 9239, 67, 0, 0
4980, 2490, 9237, 69, 0, 0
4982, 2491, 8836, 65, 0, 0
4984, 2492, 9237, 67, 0, 0
4986, 2493, 9224, 61, 0, 0
4988, 2494, 9221, 53, 0, 0
4990, 2495, 9217, 76, 0, 0
4992, 2496, 9213, 116, 0, 0
4994, 2497, 9214, 83, 0, 0
4996, 2498, 9214, 76, 0, 0
4998, 2499, 9213, 78, 0, 0
5000, 2500, 9199, 77, 0, 0


nios2-terminal: exiting due to ^C on host
