nios2-terminal: connected to hardware target using JTAG UART on cable
nios2-terminal: "USB-Blaster [USB-0]", device 1, instance 0
nios2-terminal: (Use the IDE stop button or Ctrl-C to terminate)

Interrupt method selected. 
Period, Pulse_Width, BG_Tasks Run, Latency, Missed, Multiple 

Please, press PB0 to continue.
2, 1, 0, 7, 53392, 0
4, 2, 0, 25, 32565, 6059
6, 3, 0, 8, 57193, 5
8, 4, 0, 26, 59845, 0
10, 5, 0, 38, 33214, 0
12, 6, 0, 15, 5235, 0
14, 7, 0, 13, 54777, 0
16, 8, 0, 44, 40090, 0
18, 9, 0, 41, 27325, 0
20, 10, 0, 32, 16305, 0
22, 11, 0, 45, 10656, 0
24, 12, 0, 33, 5781, 0
26, 13, 0, 46, 64221, 0
28, 14, 0, 35, 59528, 0
30, 15, 0, 37, 56968, 0
32, 16, 0, 38, 53475, 0
34, 17, 0, 38, 49384, 0
36, 18, 0, 29, 46004, 0
38, 19, 0, 45, 42859, 0
40, 20, 0, 41, 40481, 0
42, 21, 0, 48, 36395, 0
44, 22, 0, 47, 37440, 0
46, 23, 0, 63, 34606, 0
48, 24, 0, 63, 33490, 0
50, 25, 0, 45, 32854, 0
52, 26, 0, 62, 31551, 0
54, 27, 0, 67, 28574, 0
56, 28, 0, 57, 27949, 0
58, 29, 0, 60, 26194, 0
60, 30, 0, 74, 26617, 0
62, 31, 0, 67, 25364, 0
64, 32, 0, 52, 24010, 0
66, 33, 0, 71, 23352, 0
68, 34, 0, 72, 21433, 0
70, 35, 36, 63, 20837, 0
72, 36, 15, 69, 20001, 0
74, 37, 10, 64, 19756, 0
76, 38, 128, 89, 19241, 0
78, 39, 468, 72, 18753, 0
80, 40, 29, 62, 17888, 0
82, 41, 0, 62, 16669, 0
84, 42, 75, 89, 17647, 0
86, 43, 37, 89, 16111, 0
88, 44, 254, 77, 16635, 0
90, 45, 152, 81, 15204, 0
92, 46, 185, 100, 16874, 0
94, 47, 36, 93, 13893, 0
96, 48, 184, 92, 13975, 0
98, 49, 84, 77, 13336, 0
100, 50, 43, 83, 13371, 0
102, 51, 128, 69, 12822, 0
104, 52, 381, 66, 12580, 0
106, 53, 617, 68, 12347, 0
108, 54, 847, 78, 12122, 0
110, 55, 1070, 80, 11906, 0
112, 56, 1285, 103, 17413, 0
114, 57, 1489, 122, 12558, 0
116, 58, 1681, 110, 11429, 0
118, 59, 1851, 113, 11115, 0
120, 60, 270, 95, 9410, 0
122, 61, 133, 106, 9575, 0
124, 62, 255, 110, 9526, 0
126, 63, 462, 97, 9377, 0
128, 64, 659, 107, 9232, 0
130, 65, 839, 96, 9092, 0
132, 66, 1014, 133, 10855, 0
134, 67, 1176, 138, 9489, 0
136, 68, 532, 134, 8173, 0
138, 69, 1, 111, 7146, 0
140, 70, 893, 123, 8501, 0
142, 71, 38, 114, 6951, 0
144, 72, 364, 118, 7195, 0
146, 73, 73, 115, 6763, 0
148, 74, 85, 131, 6670, 0
150, 75, 57, 132, 6580, 0
152, 76, 18, 139, 6495, 0
154, 77, 128, 109, 6412, 0
156, 78, 296, 110, 6331, 0
158, 79, 469, 110, 6252, 0
160, 80, 617, 122, 6174, 0
162, 81, 761, 108, 6099, 0
164, 82, 926, 124, 6025, 0
166, 83, 1070, 123, 5953, 0
168, 84, 1221, 122, 5883, 0
170, 85, 1355, 108, 5815, 0
172, 86, 1489, 124, 5748, 0
174, 87, 1622, 108, 5683, 0
176, 88, 1735, 107, 5619, 0
178, 89, 1851, 108, 5557, 0
180, 90, 1961, 109, 5496, 0
182, 91, 2102, 107, 5436, 0
184, 92, 2212, 121, 5377, 0
186, 93, 2363, 122, 5320, 0
188, 94, 2462, 122, 5264, 0
190, 95, 2603, 120, 5210, 0
192, 96, 2694, 107, 5157, 0
194, 97, 2797, 122, 5104, 0
196, 98, 2885, 108, 5052, 0
198, 99, 2997, 105, 5001, 0
200, 100, 3104, 121, 4951, 0
202, 101, 3222, 123, 4902, 0
204, 102, 3298, 106, 4855, 0
206, 103, 3391, 120, 4808, 0
208, 104, 3489, 121, 4762, 0
210, 105, 3578, 122, 4717, 0
212, 106, 3660, 120, 4673, 0
214, 107, 3751, 119, 4630, 0
216, 108, 3844, 106, 4588, 0
218, 109, 3929, 106, 4546, 0
220, 110, 4051, 121, 4505, 0
222, 111, 4118, 106, 4465, 0
224, 112, 4237, 172, 7723, 0
226, 113, 4383, 217, 8765, 0
228, 114, 4410, 220, 6550, 0
230, 115, 4467, 224, 5194, 0
232, 116, 4522, 227, 4436, 0
234, 117, 4587, 228, 4594, 0
236, 118, 4666, 231, 4206, 0
238, 119, 4758, 232, 4170, 0
240, 120, 3156, 188, 3028, 0
242, 121, 2297, 178, 2357, 0
244, 122, 2032, 161, 2039, 0
246, 123, 2108, 168, 2250, 0
248, 124, 2283, 169, 2552, 0
250, 125, 2406, 159, 2620, 0
252, 126, 2549, 166, 2624, 0
254, 127, 2626, 158, 2605, 0
256, 128, 2692, 177, 2584, 0
258, 129, 2760, 164, 2565, 0
260, 130, 2847, 177, 2545, 0
262, 131, 2943, 153, 2526, 0
264, 132, 3006, 163, 2507, 0
266, 133, 3108, 249, 4959, 0
268, 134, 3174, 251, 3844, 0
270, 135, 3265, 249, 2456, 0
272, 136, 3343, 249, 2435, 0
274, 137, 1775, 245, 1763, 0
276, 138, 1934, 212, 1478, 0
278, 139, 3, 229, 4, 0
280, 140, 2393, 250, 3391, 0
282, 141, 2471, 258, 1772, 0
284, 142, 2546, 257, 1751, 0
286, 143, 44, 235, 10, 0
288, 144, 1980, 258, 1407, 0
290, 145, 1370, 253, 916, 0
292, 146, 1273, 255, 850, 0
294, 147, 80, 249, 10, 0
296, 148, 263, 243, 135, 0
298, 149, 89, 246, 5, 0
300, 150, 78, 246, 3, 0
302, 151, 58, 254, 2, 0
304, 152, 44, 247, 2, 0
306, 153, 19, 249, 2, 0
308, 154, 52, 232, 2, 0
310, 155, 129, 232, 2, 0
312, 156, 213, 232, 2, 0
314, 157, 297, 232, 2, 0
316, 158, 382, 232, 2, 0
318, 159, 470, 232, 2, 0
320, 160, 541, 232, 2, 0
322, 161, 617, 232, 1, 0
324, 162, 700, 232, 1, 0
326, 163, 761, 232, 1, 0
328, 164, 847, 232, 1, 0
330, 165, 926, 232, 1, 0
332, 166, 997, 232, 1, 0
334, 167, 1070, 232, 1, 0
336, 168, 1182, 232, 1, 0
338, 169, 1220, 232, 1, 0
340, 170, 1285, 232, 1, 0
342, 171, 1367, 232, 1, 0
344, 172, 1444, 232, 1, 0
346, 173, 1489, 232, 1, 0
348, 174, 1557, 232, 1, 0
350, 175, 1622, 232, 1, 0
352, 176, 1681, 232, 1, 0
354, 177, 1735, 232, 1, 0
356, 178, 1859, 232, 1, 0
358, 179, 1851, 232, 1, 0
360, 180, 1911, 232, 1, 0
362, 181, 1961, 232, 1, 0
364, 182, 2048, 232, 1, 0
366, 183, 2102, 232, 1, 0
368, 184, 2161, 232, 1, 0
370, 185, 2212, 232, 1, 0
372, 186, 2290, 232, 1, 0
374, 187, 2363, 232, 1, 0
376, 188, 2408, 232, 1, 0
378, 189, 2462, 232, 1, 0
380, 190, 2534, 232, 1, 0
382, 191, 2603, 232, 1, 0
384, 192, 2634, 232, 1, 0
386, 193, 2694, 232, 1, 0
388, 194, 2760, 232, 1, 0
390, 195, 2797, 232, 1, 0
392, 196, 2868, 232, 1, 0
394, 197, 2885, 232, 1, 0
396, 198, 2960, 232, 1, 0
398, 199, 2999, 232, 1, 0
400, 200, 3060, 232, 1, 0
402, 201, 3105, 232, 1, 0
404, 202, 3165, 232, 1, 0
406, 203, 3223, 232, 1, 0
408, 204, 3251, 232, 1, 0
410, 205, 3299, 232, 1, 0
412, 206, 3343, 232, 1, 0
414, 207, 3392, 232, 1, 0
416, 208, 3437, 232, 1, 0
418, 209, 3491, 232, 1, 0
420, 210, 3553, 232, 1, 0
422, 211, 3580, 232, 1, 0
424, 212, 3610, 232, 1, 0
426, 213, 3661, 232, 1, 0
428, 214, 3719, 232, 1, 0
430, 215, 3752, 232, 1, 0
432, 216, 3794, 232, 1, 0
434, 217, 3845, 232, 1, 0
436, 218, 3911, 232, 1, 0
438, 219, 3938, 232, 1, 0
440, 220, 3980, 232, 1, 0
442, 221, 4028, 232, 1, 0
444, 222, 4075, 232, 1, 0
446, 223, 4131, 232, 1, 0
448, 224, 4181, 232, 1, 0
450, 225, 4238, 232, 1, 0
452, 226, 4304, 232, 1, 0
454, 227, 4384, 232, 1, 0
456, 228, 4365, 232, 1, 0
458, 229, 4411, 232, 1, 0
460, 230, 4441, 232, 1, 0
462, 231, 4468, 232, 1, 0
464, 232, 4490, 232, 1, 0
466, 233, 4523, 232, 1, 0
468, 234, 4558, 232, 1, 0
470, 235, 4594, 232, 1, 0
472, 236, 4619, 232, 1, 0
474, 237, 4666, 232, 1, 0
476, 238, 4705, 232, 1, 0
478, 239, 4759, 232, 1, 0
480, 240, 4802, 232, 1, 0
482, 241, 4819, 232, 1, 0
484, 242, 4862, 232, 1, 0
486, 243, 4916, 232, 1, 0
488, 244, 4954, 232, 1, 0
490, 245, 4984, 232, 1, 0
492, 246, 5027, 232, 1, 0
494, 247, 5039, 232, 1, 0
496, 248, 5086, 232, 1, 0
498, 249, 5118, 232, 1, 0
500, 250, 5178, 232, 1, 0
502, 251, 5198, 232, 1, 0
504, 252, 5234, 232, 1, 0
506, 253, 5248, 232, 1, 0
508, 254, 5297, 232, 1, 0
510, 255, 5325, 232, 1, 0
512, 256, 5349, 232, 1, 0
514, 257, 5424, 232, 1, 0
516, 258, 5425, 232, 1, 0
518, 259, 5457, 232, 1, 0
520, 260, 5471, 232, 1, 0
522, 261, 5519, 232, 1, 0
524, 262, 5545, 232, 1, 0
526, 263, 5580, 232, 1, 0
528, 264, 5610, 232, 1, 0
530, 265, 5637, 232, 1, 0
532, 266, 5667, 232, 1, 0
534, 267, 5693, 232, 1, 0
536, 268, 5726, 232, 1, 0
538, 269, 5759, 232, 1, 0
540, 270, 5789, 232, 1, 0
542, 271, 5819, 232, 1, 0
544, 272, 5859, 232, 1, 0
546, 273, 5877, 232, 1, 0
548, 274, 5907, 232, 1, 0
550, 275, 5927, 232, 1, 0
552, 276, 5961, 232, 1, 0
554, 277, 5993, 232, 1, 0
556, 278, 6010, 232, 1, 0
558, 279, 6041, 232, 1, 0
560, 280, 6068, 232, 1, 0
562, 281, 6093, 232, 1, 0
564, 282, 6122, 232, 1, 0
566, 283, 6160, 232, 1, 0
568, 284, 6165, 232, 1, 0
570, 285, 6196, 232, 1, 0
572, 286, 6225, 232, 1, 0
574, 287, 6248, 232, 1, 0
576, 288, 6270, 232, 1, 0
578, 289, 6306, 232, 1, 0
580, 290, 6325, 232, 1, 0
582, 291, 6351, 232, 1, 0
584, 292, 6369, 232, 1, 0
586, 293, 6394, 232, 1, 0
588, 294, 6417, 232, 1, 0
590, 295, 6433, 232, 1, 0
592, 296, 6473, 232, 1, 0
594, 297, 6485, 232, 1, 0
596, 298, 6508, 232, 0, 0
598, 299, 6555, 232, 0, 0
600, 300, 6642, 232, 1, 0
602, 301, 6620, 232, 1, 0
604, 302, 6632, 232, 0, 0
606, 303, 6646, 232, 0, 0
608, 304, 6662, 232, 0, 0
610, 305, 6673, 232, 0, 0
612, 306, 6691, 232, 0, 0
614, 307, 6709, 232, 0, 0
616, 308, 6731, 232, 0, 0
618, 309, 6755, 232, 0, 0
620, 310, 6794, 232, 0, 0
622, 311, 6807, 232, 0, 0
624, 312, 6842, 232, 0, 0
626, 313, 6855, 232, 0, 0
628, 314, 6874, 232, 0, 0
630, 315, 6900, 232, 0, 0
632, 316, 6935, 232, 0, 0
634, 317, 6940, 232, 0, 0
636, 318, 6962, 232, 0, 0
638, 319, 6979, 232, 0, 0
640, 320, 7005, 232, 0, 0
642, 321, 7012, 232, 0, 0
644, 322, 7048, 232, 0, 0
646, 323, 7064, 232, 0, 0
648, 324, 7082, 232, 0, 0
650, 325, 7106, 232, 0, 0
652, 326, 7132, 232, 0, 0
654, 327, 7134, 232, 0, 0
656, 328, 7162, 232, 0, 0
658, 329, 7192, 232, 0, 0
660, 330, 7200, 232, 0, 0
662, 331, 7225, 232, 0, 0
664, 332, 7254, 232, 0, 0
666, 333, 7268, 232, 0, 0
668, 334, 7282, 232, 0, 0
670, 335, 7291, 232, 0, 0
672, 336, 7315, 232, 0, 0
674, 337, 7330, 232, 0, 0
676, 338, 7371, 232, 0, 0
678, 339, 7350, 232, 0, 0
680, 340, 7379, 232, 0, 0
682, 341, 7404, 232, 0, 0
684, 342, 7417, 232, 0, 0
686, 343, 7450, 232, 0, 0
688, 344, 7465, 232, 0, 0
690, 345, 7484, 232, 0, 0
692, 346, 7497, 232, 0, 0
694, 347, 7517, 232, 0, 0
696, 348, 7531, 232, 0, 0
698, 349, 7552, 232, 0, 0
700, 350, 7594, 232, 0, 0
702, 351, 7572, 232, 0, 0
704, 352, 7609, 232, 0, 0
706, 353, 7639, 232, 0, 0
708, 354, 7634, 232, 0, 0
710, 355, 7657, 232, 0, 0
712, 356, 7699, 232, 0, 0
714, 357, 7677, 232, 0, 0
716, 358, 7689, 232, 0, 0
718, 359, 7712, 232, 0, 0
720, 360, 7734, 232, 0, 0
722, 361, 7749, 232, 0, 0
724, 362, 7768, 232, 0, 0
726, 363, 7780, 232, 0, 0
728, 364, 7794, 232, 0, 0
730, 365, 7803, 232, 0, 0
732, 366, 7829, 232, 0, 0
734, 367, 7839, 232, 0, 0
736, 368, 7856, 232, 0, 0
738, 369, 7871, 232, 0, 0
740, 370, 7882, 232, 0, 0
742, 371, 7896, 232, 0, 0
744, 372, 7932, 232, 0, 0
746, 373, 7954, 232, 0, 0
748, 374, 7996, 232, 0, 0
750, 375, 7975, 232, 0, 0
752, 376, 7997, 232, 0, 0
754, 377, 8004, 232, 0, 0
756, 378, 8013, 232, 0, 0
758, 379, 8022, 232, 0, 0
760, 380, 8030, 232, 0, 0
762, 381, 8051, 232, 0, 0
764, 382, 8066, 232, 0, 0
766, 383, 8069, 232, 0, 0
768, 384, 8093, 232, 0, 0
770, 385, 8113, 232, 0, 0
772, 386, 8117, 232, 0, 0
774, 387, 8143, 232, 0, 0
776, 388, 8157, 232, 0, 0
778, 389, 8170, 232, 0, 0
780, 390, 8179, 232, 0, 0
782, 391, 8199, 232, 0, 0
784, 392, 8207, 232, 0, 0
786, 393, 8231, 232, 0, 0
788, 394, 8224, 232, 0, 0
790, 395, 8260, 232, 0, 0
792, 396, 8263, 232, 0, 0
794, 397, 8287, 232, 0, 0
796, 398, 8293, 232, 0, 0
798, 399, 8309, 232, 0, 0
800, 400, 8309, 232, 0, 0
802, 401, 8332, 232, 0, 0
804, 402, 8342, 232, 0, 0
806, 403, 8350, 232, 0, 0
808, 404, 8391, 232, 0, 0
810, 405, 8387, 232, 0, 0
812, 406, 8398, 232, 0, 0
814, 407, 8400, 232, 0, 0
816, 408, 8423, 232, 0, 0
818, 409, 8434, 232, 0, 0
820, 410, 8448, 232, 0, 0
822, 411, 8460, 232, 0, 0
824, 412, 8471, 232, 0, 0
826, 413, 8482, 232, 0, 0
828, 414, 8493, 232, 0, 0
830, 415, 8508, 232, 0, 0
832, 416, 8523, 232, 0, 0
834, 417, 8535, 232, 0, 0
836, 418, 8548, 232, 0, 0
838, 419, 8567, 232, 0, 0
840, 420, 8573, 232, 0, 0
842, 421, 8586, 232, 0, 0
844, 422, 8593, 232, 0, 0
846, 423, 8608, 232, 0, 0
848, 424, 8624, 232, 0, 0
850, 425, 8628, 232, 0, 0
852, 426, 8643, 232, 0, 0
854, 427, 8654, 232, 0, 0
856, 428, 8665, 232, 0, 0
858, 429, 8677, 232, 0, 0
860, 430, 8697, 232, 0, 0
862, 431, 8694, 232, 0, 0
864, 432, 8708, 232, 0, 0
866, 433, 8723, 232, 0, 0
868, 434, 8732, 232, 0, 0
870, 435, 8740, 232, 0, 0
872, 436, 8758, 232, 0, 0
874, 437, 8767, 232, 0, 0
876, 438, 8777, 232, 0, 0
878, 439, 8783, 232, 0, 0
880, 440, 8795, 232, 0, 0
882, 441, 8805, 232, 0, 0
884, 442, 8811, 232, 0, 0
886, 443, 8832, 232, 0, 0
888, 444, 8836, 232, 0, 0
890, 445, 8847, 232, 0, 0
892, 446, 8873, 232, 0, 0
894, 447, 8894, 232, 0, 0
896, 448, 8906, 232, 0, 0
898, 449, 8909, 232, 0, 0
900, 450, 8914, 232, 0, 0
902, 451, 8919, 232, 0, 0
904, 452, 8921, 232, 0, 0
906, 453, 8927, 232, 0, 0
908, 454, 8936, 232, 0, 0
910, 455, 8946, 232, 0, 0
912, 456, 8958, 232, 0, 0
914, 457, 8979, 232, 0, 0
916, 458, 8982, 232, 0, 0
918, 459, 9002, 232, 0, 0
920, 460, 9007, 232, 0, 0
922, 461, 9014, 232, 0, 0
924, 462, 9028, 232, 0, 0
926, 463, 9048, 232, 0, 0
928, 464, 9046, 232, 0, 0
930, 465, 9057, 232, 0, 0
932, 466, 9063, 232, 0, 0
934, 467, 9077, 232, 0, 0
936, 468, 9077, 232, 0, 0
938, 469, 9087, 232, 0, 0
940, 470, 9096, 232, 0, 0
942, 471, 9115, 232, 0, 0
944, 472, 9126, 232, 0, 0
946, 473, 9138, 232, 0, 0
948, 474, 9136, 232, 0, 0
950, 475, 9152, 232, 0, 0
952, 476, 9167, 232, 0, 0
954, 477, 9170, 232, 0, 0
956, 478, 9182, 232, 0, 0
958, 479, 9197, 232, 0, 0
960, 480, 9204, 232, 0, 0
962, 481, 9209, 232, 0, 0
964, 482, 9211, 232, 0, 0
966, 483, 9226, 232, 0, 0
968, 484, 9232, 232, 0, 0
970, 485, 9255, 232, 0, 0
972, 486, 9254, 232, 0, 0
974, 487, 9254, 232, 0, 0
976, 488, 9267, 232, 0, 0
978, 489, 9273, 232, 0, 0
980, 490, 9291, 232, 0, 0
982, 491, 9298, 232, 0, 0
984, 492, 9308, 232, 0, 0
986, 493, 9314, 232, 0, 0
988, 494, 9325, 232, 0, 0
990, 495, 9331, 232, 0, 0
992, 496, 9342, 232, 0, 0
994, 497, 9352, 232, 0, 0
996, 498, 9350, 232, 0, 0
998, 499, 9368, 232, 0, 0
1000, 500, 9390, 232, 0, 0
1002, 501, 9383, 232, 0, 0
1004, 502, 9391, 232, 0, 0
1006, 503, 9421, 232, 0, 0
1008, 504, 9403, 232, 0, 0
1010, 505, 9407, 232, 0, 0
1012, 506, 9419, 232, 0, 0
1014, 507, 9431, 232, 0, 0
1016, 508, 9440, 232, 0, 0
1018, 509, 9450, 232, 0, 0
1020, 510, 9455, 232, 0, 0
1022, 511, 9463, 232, 0, 0
1024, 512, 9464, 232, 0, 0
1026, 513, 9480, 232, 0, 0
1028, 514, 9484, 232, 0, 0
1030, 515, 9493, 232, 0, 0
1032, 516, 9501, 232, 0, 0
1034, 517, 9505, 232, 0, 0
1036, 518, 9513, 232, 0, 0
1038, 519, 9529, 232, 0, 0
1040, 520, 9547, 232, 0, 0
1042, 521, 9575, 232, 0, 0
1044, 522, 9558, 232, 0, 0
1046, 523, 9569, 232, 0, 0
1048, 524, 9571, 232, 0, 0
1050, 525, 9576, 232, 0, 0
1052, 526, 9576, 232, 0, 0
1054, 527, 9582, 232, 0, 0
1056, 528, 9593, 232, 0, 0
1058, 529, 9601, 232, 0, 0
1060, 530, 9601, 232, 0, 0
1062, 531, 9629, 232, 0, 0
1064, 532, 9628, 232, 0, 0
1066, 533, 9626, 232, 0, 0
1068, 534, 9644, 232, 0, 0
1070, 535, 9650, 232, 0, 0
1072, 536, 9657, 232, 0, 0
1074, 537, 9661, 232, 0, 0
1076, 538, 9672, 232, 0, 0
1078, 539, 9676, 232, 0, 0
1080, 540, 9690, 232, 0, 0
1082, 541, 9684, 232, 0, 0
1084, 542, 9695, 232, 0, 0
1086, 543, 9706, 232, 0, 0
1088, 544, 9721, 232, 0, 0
1090, 545, 9721, 232, 0, 0
1092, 546, 9731, 232, 0, 0
1094, 547, 9729, 232, 0, 0
1096, 548, 9742, 232, 0, 0
1098, 549, 9749, 232, 0, 0
1100, 550, 9751, 232, 0, 0
1102, 551, 9778, 232, 0, 0
1104, 552, 9761, 232, 0, 0
1106, 553, 9780, 232, 0, 0
1108, 554, 9777, 232, 0, 0
1110, 555, 9791, 232, 0, 0
1112, 556, 9797, 232, 0, 0
1114, 557, 9807, 232, 0, 0
1116, 558, 9812, 232, 0, 0
1118, 559, 9817, 233, 0, 0
1120, 560, 9824, 232, 0, 0
1122, 561, 9829, 232, 0, 0
1124, 562, 9839, 232, 0, 0
1126, 563, 9848, 232, 0, 0
1128, 564, 9853, 232, 0, 0
1130, 565, 9860, 232, 0, 0
1132, 566, 9872, 232, 0, 0
1134, 567, 9874, 232, 0, 0
1136, 568, 9881, 232, 0, 0
1138, 569, 9884, 232, 0, 0
1140, 570, 9894, 232, 0, 0
1142, 571, 9904, 232, 0, 0
1144, 572, 9905, 232, 0, 0
1146, 573, 9914, 232, 0, 0
1148, 574, 9921, 232, 0, 0
1150, 575, 9926, 232, 0, 0
1152, 576, 9934, 232, 0, 0
1154, 577, 9946, 232, 0, 0
1156, 578, 9942, 232, 0, 0
1158, 579, 9951, 232, 0, 0
1160, 580, 9958, 232, 0, 0
1162, 581, 9963, 232, 0, 0
1164, 582, 9967, 232, 0, 0
1166, 583, 9978, 232, 0, 0
1168, 584, 9982, 232, 0, 0
1170, 585, 9987, 232, 0, 0
1172, 586, 9990, 232, 0, 0
1174, 587, 9997, 232, 0, 0
1176, 588, 10002, 232, 0, 0
1178, 589, 10004, 232, 0, 0
1180, 590, 10020, 232, 0, 0
1182, 591, 10020, 232, 0, 0
1184, 592, 10026, 232, 0, 0
1186, 593, 10042, 232, 0, 0
1188, 594, 10056, 232, 0, 0
1190, 595, 10064, 232, 0, 0
1192, 596, 10066, 232, 0, 0
1194, 597, 10067, 232, 0, 0
1196, 598, 10068, 232, 0, 0
1198, 599, 10068, 232, 0, 0
1200, 600, 10071, 232, 0, 0
1202, 601, 10077, 232, 0, 0
1204, 602, 10081, 232, 0, 0
1206, 603, 10087, 232, 0, 0
1208, 604, 10102, 232, 0, 0
1210, 605, 10104, 232, 0, 0
1212, 606, 10116, 232, 0, 0
1214, 607, 10117, 232, 0, 0
1216, 608, 10124, 232, 0, 0
1218, 609, 10130, 232, 0, 0
1220, 610, 10143, 232, 0, 0
1222, 611, 10141, 232, 0, 0
1224, 612, 10147, 232, 0, 0
1226, 613, 10149, 232, 0, 0
1228, 614, 10161, 232, 0, 0
1230, 615, 10156, 232, 0, 0
1232, 616, 10170, 232, 0, 0
1234, 617, 10176, 232, 0, 0
1236, 618, 10177, 232, 0, 0
1238, 619, 10187, 232, 0, 0
1240, 620, 10195, 232, 0, 0
1242, 621, 10191, 232, 0, 0
1244, 622, 10203, 232, 0, 0
1246, 623, 10201, 232, 0, 0
1248, 624, 10214, 232, 0, 0
1250, 625, 10219, 232, 0, 0
1252, 626, 10222, 232, 0, 0
1254, 627, 10233, 232, 0, 0
1256, 628, 10236, 232, 0, 0
1258, 629, 10236, 232, 0, 0
1260, 630, 10244, 232, 0, 0
1262, 631, 10249, 232, 0, 0
1264, 632, 10264, 232, 0, 0
1266, 633, 10263, 232, 0, 0
1268, 634, 10260, 232, 0, 0
1270, 635, 10269, 232, 0, 0
1272, 636, 10272, 232, 0, 0
1274, 637, 10282, 232, 0, 0
1276, 638, 10288, 232, 0, 0
1278, 639, 10293, 232, 0, 0
1280, 640, 10295, 232, 0, 0
1282, 641, 10303, 232, 0, 0
1284, 642, 10307, 232, 0, 0
1286, 643, 10313, 232, 0, 0
1288, 644, 10332, 232, 0, 0
1290, 645, 10316, 232, 0, 0
1292, 646, 10328, 232, 0, 0
1294, 647, 10345, 232, 0, 0
1296, 648, 10337, 232, 0, 0
1298, 649, 10342, 232, 0, 0
1300, 650, 10365, 232, 0, 0
1302, 651, 10349, 232, 0, 0
1304, 652, 10351, 232, 0, 0
1306, 653, 10362, 232, 0, 0
1308, 654, 10367, 232, 0, 0
1310, 655, 10372, 232, 0, 0
1312, 656, 10376, 232, 0, 0
1314, 657, 10381, 232, 0, 0
1316, 658, 10384, 232, 0, 0
1318, 659, 10394, 232, 0, 0
1320, 660, 10397, 232, 0, 0
1322, 661, 10398, 232, 0, 0
1324, 662, 10404, 232, 0, 0
1326, 663, 10411, 232, 0, 0
1328, 664, 10411, 232, 0, 0
1330, 665, 10414, 232, 0, 0
1332, 666, 10427, 232, 0, 0
1334, 667, 10442, 232, 0, 0
1336, 668, 10459, 232, 0, 0
1338, 669, 10444, 232, 0, 0
1340, 670, 10454, 232, 0, 0
1342, 671, 10455, 232, 0, 0
1344, 672, 10454, 232, 0, 0
1346, 673, 10454, 232, 0, 0
1348, 674, 10456, 232, 0, 0
1350, 675, 10466, 232, 0, 0
1352, 676, 10472, 232, 0, 0
1354, 677, 10468, 232, 0, 0
1356, 678, 10489, 232, 0, 0
1358, 679, 10485, 232, 0, 0
1360, 680, 10485, 232, 0, 0
1362, 681, 10497, 232, 0, 0
1364, 682, 10502, 232, 0, 0
1366, 683, 10504, 232, 0, 0
1368, 684, 10507, 232, 0, 0
1370, 685, 10514, 232, 0, 0
1372, 686, 10515, 232, 0, 0
1374, 687, 10525, 232, 0, 0
1376, 688, 10519, 232, 0, 0
1378, 689, 10528, 232, 0, 0
1380, 690, 10536, 232, 0, 0
1382, 691, 10547, 232, 0, 0
1384, 692, 10548, 232, 0, 0
1386, 693, 10550, 232, 0, 0
1388, 694, 10548, 233, 0, 0
1390, 695, 10558, 232, 0, 0
1392, 696, 10560, 232, 0, 0
1394, 697, 10561, 232, 0, 0
1396, 698, 10582, 232, 0, 0
1398, 699, 10575, 232, 0, 0
1400, 700, 10579, 232, 0, 0
1402, 701, 10578, 232, 0, 0
1404, 702, 10588, 232, 0, 0
1406, 703, 10591, 232, 0, 0
1408, 704, 10597, 232, 0, 0
1410, 705, 10601, 232, 0, 0
1412, 706, 10604, 232, 0, 0
1414, 707, 10608, 232, 0, 0
1416, 708, 10611, 232, 0, 0
1418, 709, 10617, 232, 0, 0
1420, 710, 10622, 232, 0, 0
1422, 711, 10626, 232, 0, 0
1424, 712, 10631, 232, 0, 0
1426, 713, 10639, 232, 0, 0
1428, 714, 10640, 232, 0, 0
1430, 715, 10645, 232, 0, 0
1432, 716, 10646, 232, 0, 0
1434, 717, 10653, 232, 0, 0
1436, 718, 10659, 232, 0, 0
1438, 719, 10659, 232, 0, 0
1440, 720, 10665, 232, 0, 0
1442, 721, 10672, 232, 0, 0
1444, 722, 10674, 232, 0, 0
1446, 723, 10679, 232, 0, 0
1448, 724, 10686, 232, 0, 0
1450, 725, 10681, 232, 0, 0
1452, 726, 10687, 232, 0, 0
1454, 727, 10692, 232, 0, 0
1456, 728, 10695, 232, 0, 0
1458, 729, 10706, 232, 0, 0
1460, 730, 10707, 232, 0, 0
1462, 731, 10712, 232, 0, 0
1464, 732, 10713, 232, 0, 0
1466, 733, 10714, 232, 0, 0
1468, 734, 10717, 232, 0, 0
1470, 735, 10721, 232, 0, 0
1472, 736, 10722, 232, 0, 0
1474, 737, 10735, 232, 0, 0
1476, 738, 10733, 232, 0, 0
1478, 739, 10736, 232, 0, 0
1480, 740, 10748, 232, 0, 0
1482, 741, 10759, 232, 0, 0
1484, 742, 10764, 232, 0, 0
1486, 743, 10766, 232, 0, 0
1488, 744, 10764, 232, 0, 0
1490, 745, 10764, 232, 0, 0
1492, 746, 10763, 232, 0, 0
1494, 747, 10764, 232, 0, 0
1496, 748, 10770, 232, 0, 0
1498, 749, 10772, 232, 0, 0
1500, 750, 10775, 232, 0, 0
1502, 751, 10786, 232, 0, 0
1504, 752, 10789, 232, 0, 0
1506, 753, 10796, 232, 0, 0
1508, 754, 10795, 232, 0, 0
1510, 755, 10798, 232, 0, 0
1512, 756, 10808, 232, 0, 0
1514, 757, 10815, 232, 0, 0
1516, 758, 10810, 232, 0, 0
1518, 759, 10815, 232, 0, 0
1520, 760, 10819, 232, 0, 0
1522, 761, 10823, 232, 0, 0
1524, 762, 10820, 232, 0, 0
1526, 763, 10831, 232, 0, 0
1528, 764, 10829, 232, 0, 0
1530, 765, 10836, 232, 0, 0
1532, 766, 10841, 232, 0, 0
1534, 767, 10849, 232, 0, 0
1536, 768, 10843, 232, 0, 0
1538, 769, 10850, 232, 0, 0
1540, 770, 10853, 232, 0, 0
1542, 771, 10857, 232, 0, 0
1544, 772, 10862, 232, 0, 0
1546, 773, 10864, 232, 0, 0
1548, 774, 10872, 232, 0, 0
1550, 775, 10873, 232, 0, 0
1552, 776, 10876, 232, 0, 0
1554, 777, 10879, 232, 0, 0
1556, 778, 10880, 232, 0, 0
1558, 779, 10896, 232, 0, 0
1560, 780, 10891, 232, 0, 0
1562, 781, 10888, 232, 0, 0
1564, 782, 10897, 232, 0, 0
1566, 783, 10895, 232, 0, 0
1568, 784, 10906, 232, 0, 0
1570, 785, 10902, 232, 0, 0
1572, 786, 10911, 232, 0, 0
1574, 787, 10917, 232, 0, 0
1576, 788, 10918, 232, 0, 0
1578, 789, 10920, 232, 0, 0
1580, 790, 10926, 232, 0, 0
1582, 791, 10938, 232, 0, 0
1584, 792, 10928, 232, 0, 0
1586, 793, 10934, 232, 0, 0
1588, 794, 10946, 232, 0, 0
1590, 795, 10941, 232, 0, 0
1592, 796, 10943, 232, 0, 0
1594, 797, 10963, 232, 0, 0
1596, 798, 10947, 232, 0, 0
1598, 799, 10952, 232, 0, 0
1600, 800, 10954, 232, 0, 0
1602, 801, 10960, 232, 0, 0
1604, 802, 10964, 232, 0, 0
1606, 803, 10964, 232, 0, 0
1608, 804, 10971, 232, 0, 0
1610, 805, 10971, 232, 0, 0
1612, 806, 10979, 232, 0, 0
1614, 807, 10979, 232, 0, 0
1616, 808, 10983, 232, 0, 0
1618, 809, 10983, 232, 0, 0
1620, 810, 10990, 232, 0, 0
1622, 811, 10988, 232, 0, 0
1624, 812, 10995, 232, 0, 0
1626, 813, 10998, 232, 0, 0
1628, 814, 11010, 232, 0, 0
1630, 815, 11025, 232, 0, 0
1632, 816, 11013, 232, 0, 0
1634, 817, 11018, 232, 0, 0
1636, 818, 11022, 232, 0, 0
1638, 819, 11018, 232, 0, 0
1640, 820, 11021, 232, 0, 0
1642, 821, 11019, 232, 0, 0
1644, 822, 11028, 232, 0, 0
1646, 823, 11028, 232, 0, 0
1648, 824, 11029, 232, 0, 0
1650, 825, 11042, 232, 0, 0
1652, 826, 11042, 232, 0, 0
1654, 827, 11038, 232, 0, 0
1656, 828, 11048, 232, 0, 0
1658, 829, 11050, 232, 0, 0
1660, 830, 11052, 232, 0, 0
1662, 831, 11054, 232, 0, 0
1664, 832, 11058, 232, 0, 0
1666, 833, 11063, 232, 0, 0
1668, 834, 11067, 232, 0, 0
1670, 835, 11063, 232, 0, 0
1672, 836, 11067, 232, 0, 0
1674, 837, 11073, 232, 0, 0
1676, 838, 11081, 232, 0, 0
1678, 839, 11079, 232, 0, 0
1680, 840, 11087, 232, 0, 0
1682, 841, 11080, 232, 0, 0
1684, 842, 11086, 232, 0, 0
1686, 843, 11090, 232, 0, 0
1688, 844, 11091, 232, 0, 0
1690, 845, 11093, 232, 0, 0
1692, 846, 11094, 232, 0, 0
1694, 847, 11102, 232, 0, 0
1696, 848, 11102, 232, 0, 0
1698, 849, 11109, 232, 0, 0
1700, 850, 11114, 232, 0, 0
1702, 851, 11115, 232, 0, 0
1704, 852, 11119, 232, 0, 0
1706, 853, 11120, 234, 0, 0
1708, 854, 11122, 232, 0, 0
1710, 855, 11127, 232, 0, 0
1712, 856, 11129, 232, 0, 0
1714, 857, 11132, 232, 0, 0
1716, 858, 11139, 232, 0, 0
1718, 859, 11139, 232, 0, 0
1720, 860, 11146, 232, 0, 0
1722, 861, 11149, 232, 0, 0
1724, 862, 11149, 232, 0, 0
1726, 863, 11149, 232, 0, 0
1728, 864, 11157, 232, 0, 0
1730, 865, 11158, 232, 0, 0
1732, 866, 11158, 232, 0, 0
1734, 867, 11165, 232, 0, 0
1736, 868, 11165, 232, 0, 0
1738, 869, 11167, 232, 0, 0
1740, 870, 11173, 232, 0, 0
1742, 871, 11177, 232, 0, 0
1744, 872, 11173, 232, 0, 0
1746, 873, 11176, 232, 0, 0
1748, 874, 11181, 232, 0, 0
1750, 875, 11183, 232, 0, 0
1752, 876, 11186, 232, 0, 0
1754, 877, 11191, 232, 0, 0
1756, 878, 11192, 232, 0, 0
1758, 879, 11196, 232, 0, 0
1760, 880, 11199, 232, 0, 0
1762, 881, 11198, 232, 0, 0
1764, 882, 11200, 232, 0, 0
1766, 883, 11203, 232, 0, 0
1768, 884, 11208, 232, 0, 0
1770, 885, 11207, 232, 0, 0
1772, 886, 11211, 232, 0, 0
1774, 887, 11224, 232, 0, 0
1776, 888, 11229, 232, 0, 0
1778, 889, 11232, 232, 0, 0
1780, 890, 11232, 232, 0, 0
1782, 891, 11235, 232, 0, 0
1784, 892, 11232, 232, 0, 0
1786, 893, 11230, 232, 0, 0
1788, 894, 11232, 232, 0, 0
1790, 895, 11236, 232, 0, 0
1792, 896, 11235, 232, 0, 0
1794, 897, 11237, 232, 0, 0
1796, 898, 11247, 232, 0, 0
1798, 899, 11249, 232, 0, 0
1800, 900, 11253, 232, 0, 0
1802, 901, 11253, 232, 0, 0
1804, 902, 11255, 232, 0, 0
1806, 903, 11261, 232, 0, 0
1808, 904, 11267, 232, 0, 0
1810, 905, 11263, 232, 0, 0
1812, 906, 11266, 232, 0, 0
1814, 907, 11268, 232, 0, 0
1816, 908, 11276, 232, 0, 0
1818, 909, 11269, 232, 0, 0
1820, 910, 11272, 232, 0, 0
1822, 911, 11274, 232, 0, 0
1824, 912, 11284, 232, 0, 0
1826, 913, 11288, 232, 0, 0
1828, 914, 11289, 232, 0, 0
1830, 915, 11286, 232, 0, 0
1832, 916, 11291, 232, 0, 0
1834, 917, 11299, 232, 0, 0
1836, 918, 11299, 232, 0, 0
1838, 919, 11300, 232, 0, 0
1840, 920, 11306, 232, 0, 0
1842, 921, 11306, 232, 0, 0
1844, 922, 11308, 232, 0, 0
1846, 923, 11308, 232, 0, 0
1848, 924, 11315, 232, 0, 0
1850, 925, 11313, 232, 0, 0
1852, 926, 11323, 232, 0, 0
1854, 927, 11320, 232, 0, 0
1856, 928, 11318, 232, 0, 0
1858, 929, 11324, 232, 0, 0
1860, 930, 11327, 232, 0, 0
1862, 931, 11331, 232, 0, 0
1864, 932, 11332, 232, 0, 0
1866, 933, 11335, 232, 0, 0
1868, 934, 11335, 232, 0, 0
1870, 935, 11340, 232, 0, 0
1872, 936, 11342, 232, 0, 0
1874, 937, 11347, 232, 0, 0
1876, 938, 11356, 232, 0, 0
1878, 939, 11344, 232, 0, 0
1880, 940, 11351, 232, 0, 0
1882, 941, 11360, 232, 0, 0
1884, 942, 11355, 232, 0, 0
1886, 943, 11359, 232, 0, 0
1888, 944, 11373, 232, 0, 0
1890, 945, 11363, 232, 0, 0
1892, 946, 11360, 232, 0, 0
1894, 947, 11365, 232, 0, 0
1896, 948, 11369, 232, 0, 0
1898, 949, 11371, 232, 0, 0
1900, 950, 11374, 232, 0, 0
1902, 951, 11376, 232, 0, 0
1904, 952, 11378, 232, 0, 0
1906, 953, 11384, 232, 0, 0
1908, 954, 11387, 232, 0, 0
1910, 955, 11388, 232, 0, 0
1912, 956, 11386, 232, 0, 0
1914, 957, 11388, 232, 0, 0
1916, 958, 11389, 232, 0, 0
1918, 959, 11391, 232, 0, 0
1920, 960, 11397, 232, 0, 0
1922, 961, 11405, 232, 0, 0
1924, 962, 11419, 232, 0, 0
1926, 963, 11408, 232, 0, 0
1928, 964, 11414, 232, 0, 0
1930, 965, 11414, 232, 0, 0
1932, 966, 11415, 232, 0, 0
1934, 967, 11416, 232, 0, 0
1936, 968, 11412, 232, 0, 0
1938, 969, 11416, 232, 0, 0
1940, 970, 11418, 232, 0, 0
1942, 971, 11415, 232, 0, 0
1944, 972, 11429, 232, 0, 0
1946, 973, 11426, 232, 0, 0
1948, 974, 11424, 232, 0, 0
1950, 975, 11431, 232, 0, 0
1952, 976, 11433, 232, 0, 0
1954, 977, 11435, 232, 0, 0
1956, 978, 11436, 232, 0, 0
1958, 979, 11440, 232, 0, 0
1960, 980, 11441, 232, 0, 0
1962, 981, 11448, 232, 0, 0
1964, 982, 11442, 232, 0, 0
1966, 983, 11448, 232, 0, 0
1968, 984, 11452, 232, 0, 0
1970, 985, 11459, 232, 0, 0
1972, 986, 11458, 232, 0, 0
1974, 987, 11462, 232, 0, 0
1976, 988, 11459, 232, 0, 0
1978, 989, 11462, 232, 0, 0
1980, 990, 11467, 232, 0, 0
1982, 991, 11467, 232, 0, 0
1984, 992, 11466, 232, 0, 0
1986, 993, 11475, 232, 0, 0
1988, 994, 11479, 232, 0, 0
1990, 995, 11476, 232, 0, 0
1992, 996, 11482, 232, 0, 0
1994, 997, 11483, 232, 0, 0
1996, 998, 11486, 232, 0, 0
1998, 999, 11488, 232, 0, 0
2000, 1000, 11490, 232, 0, 0
2002, 1001, 11491, 232, 0, 0
2004, 1002, 11493, 232, 0, 0
2006, 1003, 11496, 232, 0, 0
2008, 1004, 11499, 232, 0, 0
2010, 1005, 11501, 232, 0, 0
2012, 1006, 11503, 232, 0, 0
2014, 1007, 11508, 232, 0, 0
2016, 1008, 11508, 232, 0, 0
2018, 1009, 11510, 232, 0, 0
2020, 1010, 11509, 232, 0, 0
2022, 1011, 11513, 232, 0, 0
2024, 1012, 11516, 232, 0, 0
2026, 1013, 11515, 232, 0, 0
2028, 1014, 11518, 232, 0, 0
2030, 1015, 11520, 232, 0, 0
2032, 1016, 11516, 232, 0, 0
2034, 1017, 11523, 232, 0, 0
2036, 1018, 11528, 232, 0, 0
2038, 1019, 11524, 232, 0, 0
2040, 1020, 11527, 232, 0, 0
2042, 1021, 11529, 232, 0, 0
2044, 1022, 11530, 232, 0, 0
2046, 1023, 11531, 232, 0, 0
2048, 1024, 11536, 232, 0, 0
2050, 1025, 11537, 232, 0, 0
2052, 1026, 11539, 232, 0, 0
2054, 1027, 11539, 232, 0, 0
2056, 1028, 11542, 232, 0, 0
2058, 1029, 11543, 232, 0, 0
2060, 1030, 11543, 232, 0, 0
2062, 1031, 11550, 232, 0, 0
2064, 1032, 11553, 232, 0, 0
2066, 1033, 11554, 232, 0, 0
2068, 1034, 11562, 232, 0, 0
2070, 1035, 11568, 232, 0, 0
2072, 1036, 11570, 232, 0, 0
2074, 1037, 11568, 232, 0, 0
2076, 1038, 11566, 232, 0, 0
2078, 1039, 11566, 232, 0, 0
2080, 1040, 11565, 232, 0, 0
2082, 1041, 11565, 232, 0, 0
2084, 1042, 11566, 232, 0, 0
2086, 1043, 11568, 232, 0, 0
2088, 1044, 11571, 232, 0, 0
2090, 1045, 11583, 232, 0, 0
2092, 1046, 11581, 232, 0, 0
2094, 1047, 11585, 232, 0, 0
2096, 1048, 11584, 232, 0, 0
2098, 1049, 11584, 232, 0, 0
2100, 1050, 11586, 232, 0, 0
2102, 1051, 11592, 232, 0, 0
2104, 1052, 11590, 232, 0, 0
2106, 1053, 11592, 232, 0, 0
2108, 1054, 11593, 232, 0, 0
2110, 1055, 11597, 232, 0, 0
2112, 1056, 11599, 232, 0, 0
2114, 1057, 11604, 232, 0, 0
2116, 1058, 11599, 232, 0, 0
2118, 1059, 11604, 232, 0, 0
2120, 1060, 11605, 232, 0, 0
2122, 1061, 11609, 232, 0, 0
2124, 1062, 11606, 232, 0, 0
2126, 1063, 11611, 232, 0, 0
2128, 1064, 11616, 232, 0, 0
2130, 1065, 11618, 232, 0, 0
2132, 1066, 11620, 232, 0, 0
2134, 1067, 11623, 232, 0, 0
2136, 1068, 11622, 232, 0, 0
2138, 1069, 11622, 232, 0, 0
2140, 1070, 11621, 232, 0, 0
2142, 1071, 11625, 232, 0, 0
2144, 1072, 11627, 232, 0, 0
2146, 1073, 11639, 232, 0, 0
2148, 1074, 11627, 232, 0, 0
2150, 1075, 11631, 232, 0, 0
2152, 1076, 11633, 232, 0, 0
2154, 1077, 11634, 232, 0, 0
2156, 1078, 11639, 232, 0, 0
2158, 1079, 11642, 232, 0, 0
2160, 1080, 11648, 232, 0, 0
2162, 1081, 11647, 232, 0, 0
2164, 1082, 11647, 232, 0, 0
2166, 1083, 11646, 232, 0, 0
2168, 1084, 11649, 232, 0, 0
2170, 1085, 11659, 232, 0, 0
2172, 1086, 11649, 232, 0, 0
2174, 1087, 11659, 232, 0, 0
2176, 1088, 11665, 232, 0, 0
2178, 1089, 11658, 232, 0, 0
2180, 1090, 11661, 232, 0, 0
2182, 1091, 11670, 232, 0, 0
2184, 1092, 11661, 232, 0, 0
2186, 1093, 11666, 232, 0, 0
2188, 1094, 11668, 232, 0, 0
2190, 1095, 11669, 232, 0, 0
2192, 1096, 11670, 232, 0, 0
2194, 1097, 11673, 232, 0, 0
2196, 1098, 11673, 232, 0, 0
2198, 1099, 11679, 232, 0, 0
2200, 1100, 11680, 232, 0, 0
2202, 1101, 11679, 232, 0, 0
2204, 1102, 11679, 232, 0, 0
2206, 1103, 11681, 232, 0, 0
2208, 1104, 11683, 232, 0, 0
2210, 1105, 11687, 232, 0, 0
2212, 1106, 11686, 232, 0, 0
2214, 1107, 11689, 232, 0, 0
2216, 1108, 11696, 232, 0, 0
2218, 1109, 11708, 233, 0, 0
2220, 1110, 11702, 232, 0, 0
2222, 1111, 11704, 232, 0, 0
2224, 1112, 11700, 232, 0, 0
2226, 1113, 11700, 232, 0, 0
2228, 1114, 11699, 232, 0, 0
2230, 1115, 11705, 232, 0, 0
2232, 1116, 11706, 232, 0, 0
2234, 1117, 11705, 232, 0, 0
2236, 1118, 11703, 232, 0, 0
2238, 1119, 11714, 232, 0, 0
2240, 1120, 11717, 232, 0, 0
2242, 1121, 11712, 232, 0, 0
2244, 1122, 11715, 232, 0, 0
2246, 1123, 11717, 232, 0, 0
2248, 1124, 11718, 232, 0, 0
2250, 1125, 11723, 232, 0, 0
2252, 1126, 11724, 232, 0, 0
2254, 1127, 11722, 232, 0, 0
2256, 1128, 11727, 232, 0, 0
2258, 1129, 11722, 232, 0, 0
2260, 1130, 11735, 232, 0, 0
2262, 1131, 11730, 232, 0, 0
2264, 1132, 11734, 232, 0, 0
2266, 1133, 11734, 232, 0, 0
2268, 1134, 11748, 232, 0, 0
2270, 1135, 11735, 232, 0, 0
2272, 1136, 11738, 232, 0, 0
2274, 1137, 11739, 232, 0, 0
2276, 1138, 11739, 232, 0, 0
2278, 1139, 11741, 232, 0, 0
2280, 1140, 11746, 232, 0, 0
2282, 1141, 11746, 232, 0, 0
2284, 1142, 11745, 232, 0, 0
2286, 1143, 11754, 232, 0, 0
2288, 1144, 11752, 232, 0, 0
2290, 1145, 11752, 232, 0, 0
2292, 1146, 11755, 232, 0, 0
2294, 1147, 11761, 232, 0, 0
2296, 1148, 11759, 232, 0, 0
2298, 1149, 11757, 232, 0, 0
2300, 1150, 11760, 232, 0, 0
2302, 1151, 11768, 232, 0, 0
2304, 1152, 11766, 232, 0, 0
2306, 1153, 11766, 232, 0, 0
2308, 1154, 11771, 232, 0, 0
2310, 1155, 11776, 232, 0, 0
2312, 1156, 11774, 232, 0, 0
2314, 1157, 11771, 232, 0, 0
2316, 1158, 11775, 232, 0, 0
2318, 1159, 11783, 232, 0, 0
2320, 1160, 11778, 232, 0, 0
2322, 1161, 11779, 232, 0, 0
2324, 1162, 11781, 232, 0, 0
2326, 1163, 11786, 232, 0, 0
2328, 1164, 11785, 232, 0, 0
2330, 1165, 11788, 232, 0, 0
2332, 1166, 11785, 232, 0, 0
2334, 1167, 11789, 232, 0, 0
2336, 1168, 11790, 232, 0, 0
2338, 1169, 11791, 232, 0, 0
2340, 1170, 11797, 232, 0, 0
2342, 1171, 11799, 232, 0, 0
2344, 1172, 11795, 232, 0, 0
2346, 1173, 11798, 232, 0, 0
2348, 1174, 11803, 232, 0, 0
2350, 1175, 11801, 232, 0, 0
2352, 1176, 11800, 232, 0, 0
2354, 1177, 11800, 232, 0, 0
2356, 1178, 11809, 232, 0, 0
2358, 1179, 11804, 232, 0, 0
2360, 1180, 11806, 232, 0, 0
2362, 1181, 11819, 232, 0, 0
2364, 1182, 11820, 232, 0, 0
2366, 1183, 11820, 232, 0, 0
2368, 1184, 11820, 232, 0, 0
2370, 1185, 11823, 232, 0, 0
2372, 1186, 11818, 232, 0, 0
2374, 1187, 11817, 232, 0, 0
2376, 1188, 11823, 232, 0, 0
2378, 1189, 11819, 232, 0, 0
2380, 1190, 11819, 232, 0, 0
2382, 1191, 11821, 232, 0, 0
2384, 1192, 11830, 232, 0, 0
2386, 1193, 11825, 232, 0, 0
2388, 1194, 11831, 232, 0, 0
2390, 1195, 11835, 232, 0, 0
2392, 1196, 11831, 232, 0, 0
2394, 1197, 11834, 232, 0, 0
2396, 1198, 11845, 232, 0, 0
2398, 1199, 11838, 232, 0, 0
2400, 1200, 11838, 232, 0, 0
2402, 1201, 11838, 232, 0, 0
2404, 1202, 11844, 232, 0, 0
2406, 1203, 11839, 232, 0, 0
2408, 1204, 11845, 232, 0, 0
2410, 1205, 11848, 232, 0, 0
2412, 1206, 11846, 232, 0, 0
2414, 1207, 11849, 232, 0, 0
2416, 1208, 11856, 232, 0, 0
2418, 1209, 11848, 232, 0, 0
2420, 1210, 11852, 232, 0, 0
2422, 1211, 11857, 232, 0, 0
2424, 1212, 11855, 232, 0, 0
2426, 1213, 11857, 232, 0, 0
2428, 1214, 11863, 232, 0, 0
2430, 1215, 11863, 232, 0, 0
2432, 1216, 11861, 232, 0, 0
2434, 1217, 11867, 232, 0, 0
2436, 1218, 11865, 232, 0, 0
2438, 1219, 11864, 232, 0, 0
2440, 1220, 11878, 232, 0, 0
2442, 1221, 11864, 232, 0, 0
2444, 1222, 11866, 232, 0, 0
2446, 1223, 11870, 232, 0, 0
2448, 1224, 11872, 232, 0, 0
2450, 1225, 11874, 232, 0, 0
2452, 1226, 11876, 232, 0, 0
2454, 1227, 11879, 232, 0, 0
2456, 1228, 11878, 232, 0, 0
2458, 1229, 11887, 232, 0, 0
2460, 1230, 11882, 232, 0, 0
2462, 1231, 11882, 232, 0, 0
2464, 1232, 11897, 232, 0, 0
2466, 1233, 11883, 232, 0, 0
2468, 1234, 11888, 232, 0, 0
2470, 1235, 11899, 232, 0, 0
2472, 1236, 11889, 232, 0, 0
2474, 1237, 11890, 232, 0, 0
2476, 1238, 11905, 232, 0, 0
2478, 1239, 11891, 232, 0, 0
2480, 1240, 11891, 232, 0, 0
2482, 1241, 11899, 232, 0, 0
2484, 1242, 11896, 232, 0, 0
2486, 1243, 11899, 232, 0, 0
2488, 1244, 11904, 232, 0, 0
2490, 1245, 11900, 232, 0, 0
2492, 1246, 11902, 232, 0, 0
2494, 1247, 11907, 232, 0, 0
2496, 1248, 11905, 232, 0, 0
2498, 1249, 11912, 232, 0, 0
2500, 1250, 11908, 232, 0, 0
2502, 1251, 11908, 232, 0, 0
2504, 1252, 11914, 232, 0, 0
2506, 1253, 11909, 232, 0, 0
2508, 1254, 11916, 232, 0, 0
2510, 1255, 11924, 232, 0, 0
2512, 1256, 11929, 233, 0, 0
2514, 1257, 11920, 232, 0, 0
2516, 1258, 11926, 232, 0, 0
2518, 1259, 11922, 232, 0, 0
2520, 1260, 11928, 232, 0, 0
2522, 1261, 11921, 232, 0, 0
2524, 1262, 11921, 232, 0, 0
2526, 1263, 11929, 232, 0, 0
2528, 1264, 11925, 232, 0, 0
2530, 1265, 11923, 232, 0, 0
2532, 1266, 11936, 232, 0, 0
2534, 1267, 11930, 232, 0, 0
2536, 1268, 11935, 232, 0, 0
2538, 1269, 11934, 232, 0, 0
2540, 1270, 11935, 232, 0, 0
2542, 1271, 11940, 232, 0, 0
2544, 1272, 11936, 232, 0, 0
2546, 1273, 11939, 232, 0, 0
2548, 1274, 11941, 232, 0, 0
2550, 1275, 11943, 232, 0, 0
2552, 1276, 11944, 232, 0, 0
2554, 1277, 11946, 232, 0, 0
2556, 1278, 11945, 232, 0, 0
2558, 1279, 11952, 232, 0, 0
2560, 1280, 11948, 232, 0, 0
2562, 1281, 11956, 232, 0, 0
2564, 1282, 11948, 232, 0, 0
2566, 1283, 11952, 232, 0, 0
2568, 1284, 11956, 232, 0, 0
2570, 1285, 11951, 232, 0, 0
2572, 1286, 11968, 232, 0, 0
2574, 1287, 11953, 232, 0, 0
2576, 1288, 11958, 232, 0, 0
2578, 1289, 11960, 232, 0, 0
2580, 1290, 11960, 232, 0, 0
2582, 1291, 11961, 232, 0, 0
2584, 1292, 11964, 232, 0, 0
2586, 1293, 11964, 232, 0, 0
2588, 1294, 11969, 232, 0, 0
2590, 1295, 11966, 232, 0, 0
2592, 1296, 11974, 232, 0, 0
2594, 1297, 11970, 232, 0, 0
2596, 1298, 11971, 232, 0, 0
2598, 1299, 11976, 232, 0, 0
2600, 1300, 11974, 232, 0, 0
2602, 1301, 11984, 232, 0, 0
2604, 1302, 11977, 232, 0, 0
2606, 1303, 11978, 232, 0, 0
2608, 1304, 11981, 232, 0, 0
2610, 1305, 11980, 232, 0, 0
2612, 1306, 11988, 232, 0, 0
2614, 1307, 11981, 232, 0, 0
2616, 1308, 11984, 232, 0, 0
2618, 1309, 11987, 232, 0, 0
2620, 1310, 11982, 232, 0, 0
2622, 1311, 11992, 232, 0, 0
2624, 1312, 11991, 232, 0, 0
2626, 1313, 11995, 232, 0, 0
2628, 1314, 11990, 232, 0, 0
2630, 1315, 11993, 232, 0, 0
2632, 1316, 11995, 232, 0, 0
2634, 1317, 11993, 232, 0, 0
2636, 1318, 12002, 232, 0, 0
2638, 1319, 11997, 232, 0, 0
2640, 1320, 12005, 232, 0, 0
2642, 1321, 11999, 232, 0, 0
2644, 1322, 11999, 232, 0, 0
2646, 1323, 12003, 232, 0, 0
2648, 1324, 11999, 232, 0, 0
2650, 1325, 12009, 232, 0, 0
2652, 1326, 12002, 232, 0, 0
2654, 1327, 12012, 232, 0, 0
2656, 1328, 12011, 232, 0, 0
2658, 1329, 12016, 232, 0, 0
2660, 1330, 12020, 232, 0, 0
2662, 1331, 12016, 232, 0, 0
2664, 1332, 12020, 232, 0, 0
2666, 1333, 12014, 232, 0, 0
2668, 1334, 12020, 232, 0, 0
2670, 1335, 12013, 232, 0, 0
2672, 1336, 12014, 232, 0, 0
2674, 1337, 12016, 232, 0, 0
2676, 1338, 12016, 232, 0, 0
2678, 1339, 12024, 232, 0, 0
2680, 1340, 12020, 232, 0, 0
2682, 1341, 12030, 232, 0, 0
2684, 1342, 12024, 232, 0, 0
2686, 1343, 12031, 232, 0, 0
2688, 1344, 12026, 232, 0, 0
2690, 1345, 12032, 232, 0, 0
2692, 1346, 12030, 232, 0, 0
2694, 1347, 12030, 232, 0, 0
2696, 1348, 12033, 232, 0, 0
2698, 1349, 12033, 232, 0, 0
2700, 1350, 12035, 232, 0, 0
2702, 1351, 12035, 232, 0, 0
2704, 1352, 12042, 232, 0, 0
2706, 1353, 12037, 232, 0, 0
2708, 1354, 12046, 232, 0, 0
2710, 1355, 12041, 232, 0, 0
2712, 1356, 12038, 232, 0, 0
2714, 1357, 12043, 232, 0, 0
2716, 1358, 12040, 232, 0, 0
2718, 1359, 12046, 232, 0, 0
2720, 1360, 12046, 232, 0, 0
2722, 1361, 12053, 232, 0, 0
2724, 1362, 12049, 232, 0, 0
2726, 1363, 12054, 232, 0, 0
2728, 1364, 12048, 232, 0, 0
2730, 1365, 12057, 232, 0, 0
2732, 1366, 12050, 232, 0, 0
2734, 1367, 12058, 232, 0, 0
2736, 1368, 12049, 232, 0, 0
2738, 1369, 12053, 232, 0, 0
2740, 1370, 12056, 232, 0, 0
2742, 1371, 12056, 232, 0, 0
2744, 1372, 12062, 232, 0, 0
2746, 1373, 12061, 232, 0, 0
2748, 1374, 12065, 232, 0, 0
2750, 1375, 12062, 232, 0, 0
2752, 1376, 12068, 232, 0, 0
2754, 1377, 12064, 232, 0, 0
2756, 1378, 12071, 232, 0, 0
2758, 1379, 12073, 232, 0, 0
2760, 1380, 12070, 232, 0, 0
2762, 1381, 12069, 232, 0, 0
2764, 1382, 12081, 232, 0, 0
2766, 1383, 12070, 232, 0, 0
2768, 1384, 12080, 232, 0, 0
2770, 1385, 12080, 232, 0, 0
2772, 1386, 12073, 232, 0, 0
2774, 1387, 12074, 232, 0, 0
2776, 1388, 12075, 232, 0, 0
2778, 1389, 12078, 232, 0, 0
2780, 1390, 12079, 232, 0, 0
2782, 1391, 12081, 232, 0, 0
2784, 1392, 12080, 232, 0, 0
2786, 1393, 12082, 232, 0, 0
2788, 1394, 12083, 232, 0, 0
2790, 1395, 12086, 232, 0, 0
2792, 1396, 12084, 232, 0, 0
2794, 1397, 12087, 232, 0, 0
2796, 1398, 12086, 232, 0, 0
2798, 1399, 12089, 232, 0, 0
2800, 1400, 12087, 232, 0, 0
2802, 1401, 12094, 232, 0, 0
2804, 1402, 12096, 232, 0, 0
2806, 1403, 12108, 232, 0, 0
2808, 1404, 12096, 232, 0, 0
2810, 1405, 12103, 232, 0, 0
2812, 1406, 12098, 232, 0, 0
2814, 1407, 12101, 232, 0, 0
2816, 1408, 12097, 232, 0, 0
2818, 1409, 12100, 232, 0, 0
2820, 1410, 12098, 232, 0, 0
2822, 1411, 12104, 232, 0, 0
2824, 1412, 12098, 232, 0, 0
2826, 1413, 12111, 232, 0, 0
2828, 1414, 12104, 232, 0, 0
2830, 1415, 12107, 232, 0, 0
2832, 1416, 12107, 232, 0, 0
2834, 1417, 12112, 232, 0, 0
2836, 1418, 12108, 232, 0, 0
2838, 1419, 12113, 232, 0, 0
2840, 1420, 12111, 232, 0, 0
2842, 1421, 12115, 232, 0, 0
2844, 1422, 12114, 232, 0, 0
2846, 1423, 12113, 232, 0, 0
2848, 1424, 12113, 232, 0, 0
2850, 1425, 12119, 232, 0, 0
2852, 1426, 12119, 232, 0, 0
2854, 1427, 12119, 232, 0, 0
2856, 1428, 12120, 232, 0, 0
2858, 1429, 12120, 232, 0, 0
2860, 1430, 12121, 232, 0, 0
2862, 1431, 12124, 232, 0, 0
2864, 1432, 12121, 232, 0, 0
2866, 1433, 12131, 232, 0, 0
2868, 1434, 12125, 232, 0, 0
2870, 1435, 12128, 232, 0, 0
2872, 1436, 12125, 232, 0, 0
2874, 1437, 12129, 232, 0, 0
2876, 1438, 12129, 232, 0, 0
2878, 1439, 12131, 232, 0, 0
2880, 1440, 12132, 232, 0, 0
2882, 1441, 12132, 232, 0, 0
2884, 1442, 12141, 232, 0, 0
2886, 1443, 12133, 232, 0, 0
2888, 1444, 12142, 232, 0, 0
2890, 1445, 12136, 232, 0, 0
2892, 1446, 12144, 232, 0, 0
2894, 1447, 12139, 232, 0, 0
2896, 1448, 12148, 232, 0, 0
2898, 1449, 12141, 232, 0, 0
2900, 1450, 12147, 232, 0, 0
2902, 1451, 12142, 232, 0, 0
2904, 1452, 12148, 232, 0, 0
2906, 1453, 12146, 232, 0, 0
2908, 1454, 12149, 232, 0, 0
2910, 1455, 12147, 232, 0, 0
2912, 1456, 12150, 232, 0, 0
2914, 1457, 12149, 232, 0, 0
2916, 1458, 12151, 232, 0, 0
2918, 1459, 12154, 232, 0, 0
2920, 1460, 12150, 232, 0, 0
2922, 1461, 12153, 232, 0, 0
2924, 1462, 12154, 232, 0, 0
2926, 1463, 12162, 232, 0, 0
2928, 1464, 12154, 232, 0, 0
2930, 1465, 12164, 232, 0, 0
2932, 1466, 12158, 232, 0, 0
2934, 1467, 12164, 232, 0, 0
2936, 1468, 12158, 232, 0, 0
2938, 1469, 12163, 232, 0, 0
2940, 1470, 12160, 232, 0, 0
2942, 1471, 12162, 232, 0, 0
2944, 1472, 12164, 232, 0, 0
2946, 1473, 12163, 232, 0, 0
2948, 1474, 12164, 232, 0, 0
2950, 1475, 12168, 232, 0, 0
2952, 1476, 12181, 232, 0, 0
2954, 1477, 12175, 232, 0, 0
2956, 1478, 12180, 232, 0, 0
2958, 1479, 12173, 232, 0, 0
2960, 1480, 12176, 232, 0, 0
2962, 1481, 12171, 232, 0, 0
2964, 1482, 12173, 232, 0, 0
2966, 1483, 12171, 232, 0, 0
2968, 1484, 12173, 232, 0, 0
2970, 1485, 12173, 232, 0, 0
2972, 1486, 12177, 232, 0, 0
2974, 1487, 12184, 232, 0, 0
2976, 1488, 12180, 232, 0, 0
2978, 1489, 12186, 232, 0, 0
2980, 1490, 12180, 232, 0, 0
2982, 1491, 12186, 232, 0, 0
2984, 1492, 12186, 232, 0, 0
2986, 1493, 12186, 232, 0, 0
2988, 1494, 12185, 232, 0, 0
2990, 1495, 12185, 232, 0, 0
2992, 1496, 12195, 232, 0, 0
2994, 1497, 12185, 232, 0, 0
2996, 1498, 12195, 232, 0, 0
2998, 1499, 12189, 232, 0, 0
3000, 1500, 12195, 232, 0, 0
3002, 1501, 12192, 232, 0, 0
3004, 1502, 12196, 232, 0, 0
3006, 1503, 12191, 232, 0, 0
3008, 1504, 12194, 232, 0, 0
3010, 1505, 12205, 232, 0, 0
3012, 1506, 12195, 232, 0, 0
3014, 1507, 12204, 232, 0, 0
3016, 1508, 12197, 232, 0, 0
3018, 1509, 12204, 232, 0, 0
3020, 1510, 12200, 232, 0, 0
3022, 1511, 12201, 232, 0, 0
3024, 1512, 12201, 232, 0, 0
3026, 1513, 12201, 232, 0, 0
3028, 1514, 12214, 232, 0, 0
3030, 1515, 12204, 232, 0, 0
3032, 1516, 12208, 232, 0, 0
3034, 1517, 12205, 232, 0, 0
3036, 1518, 12208, 232, 0, 0
3038, 1519, 12209, 232, 0, 0
3040, 1520, 12210, 232, 0, 0
3042, 1521, 12219, 232, 0, 0
3044, 1522, 12210, 232, 0, 0
3046, 1523, 12218, 232, 0, 0
3048, 1524, 12212, 232, 0, 0
3050, 1525, 12217, 232, 0, 0
3052, 1526, 12215, 232, 0, 0
3054, 1527, 12213, 232, 0, 0
3056, 1528, 12224, 232, 0, 0
3058, 1529, 12221, 232, 0, 0
3060, 1530, 12223, 232, 0, 0
3062, 1531, 12218, 232, 0, 0
3064, 1532, 12229, 232, 0, 0
3066, 1533, 12219, 232, 0, 0
3068, 1534, 12219, 232, 0, 0
3070, 1535, 12229, 232, 0, 0
3072, 1536, 12223, 232, 0, 0
3074, 1537, 12229, 232, 0, 0
3076, 1538, 12226, 232, 0, 0
3078, 1539, 12228, 232, 0, 0
3080, 1540, 12226, 232, 0, 0
3082, 1541, 12227, 232, 0, 0
3084, 1542, 12236, 232, 0, 0
3086, 1543, 12228, 232, 0, 0
3088, 1544, 12233, 232, 0, 0
3090, 1545, 12230, 232, 0, 0
3092, 1546, 12231, 232, 0, 0
3094, 1547, 12231, 232, 0, 0
3096, 1548, 12233, 232, 0, 0
3098, 1549, 12244, 232, 0, 0
3100, 1550, 12246, 233, 0, 0
3102, 1551, 12241, 232, 0, 0
3104, 1552, 12241, 232, 0, 0
3106, 1553, 12239, 232, 0, 0
3108, 1554, 12247, 232, 0, 0
3110, 1555, 12239, 232, 0, 0
3112, 1556, 12242, 232, 0, 0
3114, 1557, 12241, 232, 0, 0
3116, 1558, 12242, 232, 0, 0
3118, 1559, 12248, 232, 0, 0
3120, 1560, 12247, 232, 0, 0
3122, 1561, 12250, 232, 0, 0
3124, 1562, 12244, 232, 0, 0
3126, 1563, 12249, 232, 0, 0
3128, 1564, 12248, 232, 0, 0
3130, 1565, 12248, 232, 0, 0
3132, 1566, 12255, 232, 0, 0
3134, 1567, 12251, 232, 0, 0
3136, 1568, 12253, 232, 0, 0
3138, 1569, 12254, 232, 0, 0
3140, 1570, 12249, 232, 0, 0
3142, 1571, 12259, 232, 0, 0
3144, 1572, 12254, 232, 0, 0
3146, 1573, 12260, 232, 0, 0
3148, 1574, 12257, 232, 0, 0
3150, 1575, 12257, 232, 0, 0
3152, 1576, 12262, 232, 0, 0
3154, 1577, 12259, 232, 0, 0
3156, 1578, 12262, 232, 0, 0
3158, 1579, 12259, 232, 0, 0
3160, 1580, 12261, 232, 0, 0
3162, 1581, 12269, 232, 0, 0
3164, 1582, 12263, 232, 0, 0
3166, 1583, 12265, 232, 0, 0
3168, 1584, 12265, 232, 0, 0
3170, 1585, 12265, 232, 0, 0
3172, 1586, 12273, 232, 0, 0
3174, 1587, 12267, 232, 0, 0
3176, 1588, 12271, 232, 0, 0
3178, 1589, 12269, 232, 0, 0
3180, 1590, 12268, 232, 0, 0
3182, 1591, 12277, 232, 0, 0
3184, 1592, 12272, 232, 0, 0
3186, 1593, 12275, 232, 0, 0
3188, 1594, 12274, 232, 0, 0
3190, 1595, 12276, 232, 0, 0
3192, 1596, 12282, 232, 0, 0
3194, 1597, 12277, 232, 0, 0
3196, 1598, 12278, 232, 0, 0
3198, 1599, 12287, 232, 0, 0
3200, 1600, 12280, 232, 0, 0
3202, 1601, 12283, 232, 0, 0
3204, 1602, 12280, 232, 0, 0
3206, 1603, 12282, 232, 0, 0
3208, 1604, 12290, 232, 0, 0
3210, 1605, 12283, 232, 0, 0
3212, 1606, 12290, 232, 0, 0
3214, 1607, 12283, 232, 0, 0
3216, 1608, 12284, 232, 0, 0
3218, 1609, 12293, 232, 0, 0
3220, 1610, 12286, 232, 0, 0
3222, 1611, 12289, 232, 0, 0
3224, 1612, 12290, 232, 0, 0
3226, 1613, 12289, 232, 0, 0
3228, 1614, 12296, 232, 0, 0
3230, 1615, 12290, 232, 0, 0
3232, 1616, 12291, 232, 0, 0
3234, 1617, 12299, 232, 0, 0
3236, 1618, 12290, 232, 0, 0
3238, 1619, 12298, 232, 0, 0
3240, 1620, 12293, 232, 0, 0
3242, 1621, 12293, 232, 0, 0
3244, 1622, 12305, 232, 0, 0
3246, 1623, 12302, 232, 0, 0
3248, 1624, 12306, 232, 0, 0
3250, 1625, 12312, 232, 0, 0
3252, 1626, 12302, 232, 0, 0
3254, 1627, 12305, 232, 0, 0
3256, 1628, 12300, 232, 0, 0
3258, 1629, 12299, 232, 0, 0
3260, 1630, 12307, 232, 0, 0
3262, 1631, 12300, 232, 0, 0
3264, 1632, 12304, 232, 0, 0
3266, 1633, 12306, 232, 0, 0
3268, 1634, 12304, 232, 0, 0
3270, 1635, 12312, 232, 0, 0
3272, 1636, 12307, 232, 0, 0
3274, 1637, 12307, 232, 0, 0
3276, 1638, 12316, 232, 0, 0
3278, 1639, 12313, 232, 0, 0
3280, 1640, 12312, 232, 0, 0
3282, 1641, 12321, 232, 0, 0
3284, 1642, 12311, 232, 0, 0
3286, 1643, 12317, 232, 0, 0
3288, 1644, 12311, 232, 0, 0
3290, 1645, 12315, 232, 0, 0
3292, 1646, 12321, 232, 0, 0
3294, 1647, 12316, 232, 0, 0
3296, 1648, 12318, 232, 0, 0
3298, 1649, 12328, 232, 0, 0
3300, 1650, 12316, 232, 0, 0
3302, 1651, 12322, 232, 0, 0
3304, 1652, 12318, 232, 0, 0
3306, 1653, 12320, 232, 0, 0
3308, 1654, 12327, 232, 0, 0
3310, 1655, 12325, 232, 0, 0
3312, 1656, 12324, 232, 0, 0
3314, 1657, 12331, 232, 0, 0
3316, 1658, 12323, 232, 0, 0
3318, 1659, 12326, 232, 0, 0
3320, 1660, 12334, 232, 0, 0
3322, 1661, 12330, 232, 0, 0
3324, 1662, 12327, 232, 0, 0
3326, 1663, 12327, 232, 0, 0
3328, 1664, 12328, 232, 0, 0
3330, 1665, 12333, 232, 0, 0
3332, 1666, 12332, 232, 0, 0
3334, 1667, 12332, 232, 0, 0
3336, 1668, 12339, 232, 0, 0
3338, 1669, 12333, 232, 0, 0
3340, 1670, 12335, 232, 0, 0
3342, 1671, 12342, 232, 0, 0
3344, 1672, 12335, 232, 0, 0
3346, 1673, 12343, 232, 0, 0
3348, 1674, 12344, 232, 0, 0
3350, 1675, 12337, 232, 0, 0
3352, 1676, 12346, 232, 0, 0
3354, 1677, 12339, 232, 0, 0
3356, 1678, 12341, 232, 0, 0
3358, 1679, 12351, 232, 0, 0
3360, 1680, 12340, 232, 0, 0
3362, 1681, 12339, 232, 0, 0
3364, 1682, 12348, 232, 0, 0
3366, 1683, 12344, 232, 0, 0
3368, 1684, 12344, 232, 0, 0
3370, 1685, 12353, 232, 0, 0
3372, 1686, 12345, 232, 0, 0
3374, 1687, 12347, 232, 0, 0
3376, 1688, 12356, 232, 0, 0
3378, 1689, 12348, 232, 0, 0
3380, 1690, 12350, 232, 0, 0
3382, 1691, 12358, 232, 0, 0
3384, 1692, 12349, 232, 0, 0
3386, 1693, 12352, 232, 0, 0
3388, 1694, 12350, 232, 0, 0
3390, 1695, 12354, 232, 0, 0
3392, 1696, 12361, 232, 0, 0
3394, 1697, 12364, 233, 0, 0
3396, 1698, 12356, 232, 0, 0
3398, 1699, 12364, 232, 0, 0
3400, 1700, 12358, 232, 0, 0
3402, 1701, 12356, 232, 0, 0
3404, 1702, 12362, 232, 0, 0
3406, 1703, 12356, 232, 0, 0
3408, 1704, 12357, 232, 0, 0
3410, 1705, 12365, 232, 0, 0
3412, 1706, 12357, 232, 0, 0
3414, 1707, 12364, 232, 0, 0
3416, 1708, 12369, 232, 0, 0
3418, 1709, 12360, 232, 0, 0
3420, 1710, 12364, 232, 0, 0
3422, 1711, 12372, 232, 0, 0
3424, 1712, 12364, 232, 0, 0
3426, 1713, 12365, 232, 0, 0
3428, 1714, 12374, 232, 0, 0
3430, 1715, 12366, 232, 0, 0
3432, 1716, 12370, 232, 0, 0
3434, 1717, 12374, 232, 0, 0
3436, 1718, 12367, 232, 0, 0
3438, 1719, 12371, 232, 0, 0
3440, 1720, 12381, 232, 0, 0
3442, 1721, 12371, 232, 0, 0
3444, 1722, 12379, 232, 0, 0
3446, 1723, 12379, 232, 0, 0
3448, 1724, 12371, 232, 0, 0
3450, 1725, 12376, 232, 0, 0
3452, 1726, 12382, 232, 0, 0
3454, 1727, 12375, 232, 0, 0
3456, 1728, 12378, 232, 0, 0
3458, 1729, 12386, 232, 0, 0
3460, 1730, 12375, 232, 0, 0
3462, 1731, 12381, 232, 0, 0
3464, 1732, 12388, 232, 0, 0
3466, 1733, 12380, 232, 0, 0
3468, 1734, 12383, 232, 0, 0
3470, 1735, 12390, 232, 0, 0
3472, 1736, 12381, 232, 0, 0
3474, 1737, 12384, 232, 0, 0
3476, 1738, 12392, 232, 0, 0
3478, 1739, 12384, 232, 0, 0
3480, 1740, 12387, 232, 0, 0
3482, 1741, 12395, 232, 0, 0
3484, 1742, 12388, 232, 0, 0
3486, 1743, 12389, 232, 0, 0
3488, 1744, 12397, 232, 0, 0
3490, 1745, 12388, 232, 0, 0
3492, 1746, 12391, 232, 0, 0
3494, 1747, 12400, 232, 0, 0
3496, 1748, 12390, 232, 0, 0
3498, 1749, 12392, 232, 0, 0
3500, 1750, 12400, 232, 0, 0
3502, 1751, 12390, 232, 0, 0
3504, 1752, 12394, 232, 0, 0
3506, 1753, 12404, 232, 0, 0
3508, 1754, 12393, 232, 0, 0
3510, 1755, 12395, 232, 0, 0
3512, 1756, 12403, 232, 0, 0
3514, 1757, 12396, 232, 0, 0
3516, 1758, 12399, 232, 0, 0
3518, 1759, 12405, 232, 0, 0
3520, 1760, 12399, 232, 0, 0
3522, 1761, 12399, 232, 0, 0
3524, 1762, 12405, 232, 0, 0
3526, 1763, 12400, 232, 0, 0
3528, 1764, 12400, 232, 0, 0
3530, 1765, 12405, 232, 0, 0
3532, 1766, 12403, 232, 0, 0
3534, 1767, 12401, 232, 0, 0
3536, 1768, 12407, 232, 0, 0
3538, 1769, 12407, 232, 0, 0
3540, 1770, 12410, 232, 0, 0
3542, 1771, 12415, 232, 0, 0
3544, 1772, 12420, 232, 0, 0
3546, 1773, 12410, 232, 0, 0
3548, 1774, 12411, 232, 0, 0
3550, 1775, 12417, 232, 0, 0
3552, 1776, 12407, 232, 0, 0
3554, 1777, 12408, 232, 0, 0
3556, 1778, 12416, 232, 0, 0
3558, 1779, 12409, 232, 0, 0
3560, 1780, 12412, 232, 0, 0
3562, 1781, 12419, 232, 0, 0
3564, 1782, 12415, 232, 0, 0
3566, 1783, 12413, 232, 0, 0
3568, 1784, 12420, 232, 0, 0
3570, 1785, 12416, 232, 0, 0
3572, 1786, 12418, 232, 0, 0
3574, 1787, 12421, 232, 0, 0
3576, 1788, 12418, 232, 0, 0
3578, 1789, 12417, 232, 0, 0
3580, 1790, 12422, 232, 0, 0
3582, 1791, 12427, 232, 0, 0
3584, 1792, 12421, 232, 0, 0
3586, 1793, 12422, 232, 0, 0
3588, 1794, 12429, 232, 0, 0
3590, 1795, 12423, 232, 0, 0
3592, 1796, 12424, 232, 0, 0
3594, 1797, 12428, 232, 0, 0
3596, 1798, 12424, 232, 0, 0
3598, 1799, 12426, 232, 0, 0
3600, 1800, 12430, 232, 0, 0
3602, 1801, 12426, 232, 0, 0
3604, 1802, 12428, 232, 0, 0
3606, 1803, 12432, 232, 0, 0
3608, 1804, 12438, 232, 0, 0
3610, 1805, 12427, 232, 0, 0
3612, 1806, 12430, 232, 0, 0
3614, 1807, 12437, 232, 0, 0
3616, 1808, 12434, 232, 0, 0
3618, 1809, 12427, 232, 0, 0
3620, 1810, 12437, 232, 0, 0
3622, 1811, 12432, 232, 0, 0
3624, 1812, 12431, 232, 0, 0
3626, 1813, 12439, 232, 0, 0
3628, 1814, 12435, 232, 0, 0
3630, 1815, 12435, 232, 0, 0
3632, 1816, 12438, 232, 0, 0
3634, 1817, 12446, 232, 0, 0
3636, 1818, 12436, 232, 0, 0
3638, 1819, 12438, 232, 0, 0
3640, 1820, 12450, 232, 0, 0
3642, 1821, 12436, 232, 0, 0
3644, 1822, 12439, 232, 0, 0
3646, 1823, 12449, 232, 0, 0
3648, 1824, 12441, 232, 0, 0
3650, 1825, 12442, 232, 0, 0
3652, 1826, 12450, 232, 0, 0
3654, 1827, 12451, 232, 0, 0
3656, 1828, 12441, 232, 0, 0
3658, 1829, 12443, 232, 0, 0
3660, 1830, 12452, 232, 0, 0
3662, 1831, 12445, 232, 0, 0
3664, 1832, 12444, 232, 0, 0
3666, 1833, 12451, 232, 0, 0
3668, 1834, 12447, 232, 0, 0
3670, 1835, 12447, 232, 0, 0
3672, 1836, 12451, 232, 0, 0
3674, 1837, 12457, 232, 0, 0
3676, 1838, 12448, 232, 0, 0
3678, 1839, 12449, 232, 0, 0
3680, 1840, 12456, 232, 0, 0
3682, 1841, 12450, 232, 0, 0
3684, 1842, 12451, 232, 0, 0
3686, 1843, 12460, 232, 0, 0
3688, 1844, 12473, 232, 0, 0
3690, 1845, 12456, 232, 0, 0
3692, 1846, 12459, 232, 0, 0
3694, 1847, 12465, 232, 0, 0
3696, 1848, 12456, 232, 0, 0
3698, 1849, 12455, 232, 0, 0
3700, 1850, 12460, 232, 0, 0
3702, 1851, 12457, 232, 0, 0
3704, 1852, 12457, 232, 0, 0
3706, 1853, 12458, 232, 0, 0
3708, 1854, 12470, 232, 0, 0
3710, 1855, 12460, 232, 0, 0
3712, 1856, 12458, 232, 0, 0
3714, 1857, 12467, 232, 0, 0
3716, 1858, 12462, 232, 0, 0
3718, 1859, 12462, 232, 0, 0
3720, 1860, 12465, 232, 0, 0
3722, 1861, 12474, 232, 0, 0
3724, 1862, 12463, 232, 0, 0
3726, 1863, 12466, 232, 0, 0
3728, 1864, 12469, 232, 0, 0
3730, 1865, 12465, 232, 0, 0
3732, 1866, 12466, 232, 0, 0
3734, 1867, 12472, 232, 0, 0
3736, 1868, 12478, 232, 0, 0
3738, 1869, 12473, 232, 0, 0
3740, 1870, 12467, 232, 0, 0
3742, 1871, 12477, 232, 0, 0
3744, 1872, 12470, 232, 0, 0
3746, 1873, 12469, 232, 0, 0
3748, 1874, 12474, 232, 0, 0
3750, 1875, 12482, 232, 0, 0
3752, 1876, 12473, 232, 0, 0
3754, 1877, 12471, 232, 0, 0
3756, 1878, 12481, 232, 0, 0
3758, 1879, 12474, 232, 0, 0
3760, 1880, 12475, 232, 0, 0
3762, 1881, 12479, 232, 0, 0
3764, 1882, 12486, 232, 0, 0
3766, 1883, 12476, 232, 0, 0
3768, 1884, 12476, 232, 0, 0
3770, 1885, 12484, 232, 0, 0
3772, 1886, 12479, 232, 0, 0
3774, 1887, 12479, 232, 0, 0
3776, 1888, 12483, 232, 0, 0
3778, 1889, 12491, 232, 0, 0
3780, 1890, 12482, 232, 0, 0
3782, 1891, 12482, 232, 0, 0
3784, 1892, 12487, 232, 0, 0
3786, 1893, 12484, 232, 0, 0
3788, 1894, 12485, 232, 0, 0
3790, 1895, 12485, 232, 0, 0
3792, 1896, 12493, 232, 0, 0
3794, 1897, 12486, 232, 0, 0
3796, 1898, 12485, 232, 0, 0
3798, 1899, 12491, 232, 0, 0
3800, 1900, 12499, 232, 0, 0
3802, 1901, 12486, 232, 0, 0
3804, 1902, 12488, 232, 0, 0
3806, 1903, 12495, 232, 0, 0
3808, 1904, 12490, 232, 0, 0
3810, 1905, 12492, 232, 0, 0
3812, 1906, 12494, 232, 0, 0
3814, 1907, 12500, 232, 0, 0
3816, 1908, 12492, 232, 0, 0
3818, 1909, 12491, 232, 0, 0
3820, 1910, 12497, 232, 0, 0
3822, 1911, 12504, 232, 0, 0
3824, 1912, 12492, 232, 0, 0
3826, 1913, 12495, 232, 0, 0
3828, 1914, 12500, 232, 0, 0
3830, 1915, 12495, 232, 0, 0
3832, 1916, 12498, 232, 0, 0
3834, 1917, 12504, 232, 0, 0
3836, 1918, 12512, 232, 0, 0
3838, 1919, 12502, 232, 0, 0
3840, 1920, 12500, 232, 0, 0
3842, 1921, 12505, 232, 0, 0
3844, 1922, 12510, 232, 0, 0
3846, 1923, 12499, 232, 0, 0
3848, 1924, 12498, 232, 0, 0
3850, 1925, 12505, 232, 0, 0
3852, 1926, 12500, 232, 0, 0
3854, 1927, 12503, 232, 0, 0
3856, 1928, 12504, 232, 0, 0
3858, 1929, 12513, 232, 0, 0
3860, 1930, 12504, 232, 0, 0
3862, 1931, 12504, 232, 0, 0
3864, 1932, 12509, 232, 0, 0
3866, 1933, 12518, 232, 0, 0
3868, 1934, 12507, 232, 0, 0
3870, 1935, 12507, 232, 0, 0
3872, 1936, 12512, 232, 0, 0
3874, 1937, 12509, 232, 0, 0
3876, 1938, 12507, 232, 0, 0
3878, 1939, 12510, 232, 0, 0
3880, 1940, 12517, 232, 0, 0
3882, 1941, 12511, 232, 0, 0
3884, 1942, 12511, 232, 0, 0
3886, 1943, 12515, 232, 0, 0
3888, 1944, 12519, 232, 0, 0
3890, 1945, 12513, 232, 0, 0
3892, 1946, 12511, 232, 0, 0
3894, 1947, 12517, 232, 0, 0
3896, 1948, 12525, 232, 0, 0
3898, 1949, 12517, 232, 0, 0
3900, 1950, 12516, 232, 0, 0
3902, 1951, 12521, 232, 0, 0
3904, 1952, 12526, 232, 0, 0
3906, 1953, 12517, 232, 0, 0
3908, 1954, 12517, 232, 0, 0
3910, 1955, 12527, 232, 0, 0
3912, 1956, 12520, 232, 0, 0
3914, 1957, 12518, 232, 0, 0
3916, 1958, 12520, 232, 0, 0
3918, 1959, 12526, 232, 0, 0
3920, 1960, 12522, 232, 0, 0
3922, 1961, 12522, 232, 0, 0
3924, 1962, 12524, 232, 0, 0
3926, 1963, 12530, 232, 0, 0
3928, 1964, 12524, 232, 0, 0
3930, 1965, 12523, 232, 0, 0
3932, 1966, 12527, 232, 0, 0
3934, 1967, 12538, 232, 0, 0
3936, 1968, 12524, 232, 0, 0
3938, 1969, 12526, 232, 0, 0
3940, 1970, 12533, 232, 0, 0
3942, 1971, 12536, 232, 0, 0
3944, 1972, 12529, 232, 0, 0
3946, 1973, 12533, 232, 0, 0
3948, 1974, 12531, 232, 0, 0
3950, 1975, 12537, 232, 0, 0
3952, 1976, 12529, 232, 0, 0
3954, 1977, 12530, 232, 0, 0
3956, 1978, 12535, 232, 0, 0
3958, 1979, 12543, 232, 0, 0
3960, 1980, 12532, 232, 0, 0
3962, 1981, 12532, 232, 0, 0
3964, 1982, 12538, 232, 0, 0
3966, 1983, 12545, 232, 0, 0
3968, 1984, 12533, 232, 0, 0
3970, 1985, 12533, 232, 0, 0
3972, 1986, 12539, 232, 0, 0
3974, 1987, 12545, 232, 0, 0
3976, 1988, 12534, 232, 0, 0
3978, 1989, 12536, 232, 0, 0
3980, 1990, 12546, 232, 0, 0
3982, 1991, 12557, 232, 0, 0
3984, 1992, 12540, 232, 0, 0
3986, 1993, 12541, 232, 0, 0
3988, 1994, 12546, 232, 0, 0
3990, 1995, 12552, 232, 0, 0
3992, 1996, 12539, 232, 0, 0
3994, 1997, 12538, 232, 0, 0
3996, 1998, 12546, 232, 0, 0
3998, 1999, 12553, 232, 0, 0
4000, 2000, 12540, 232, 0, 0
4002, 2001, 12545, 232, 0, 0
4004, 2002, 12549, 232, 0, 0
4006, 2003, 12554, 232, 0, 0
4008, 2004, 12545, 232, 0, 0
4010, 2005, 12545, 232, 0, 0
4012, 2006, 12551, 232, 0, 0
4014, 2007, 12557, 232, 0, 0
4016, 2008, 12547, 232, 0, 0
4018, 2009, 12546, 232, 0, 0
4020, 2010, 12554, 232, 0, 0
4022, 2011, 12557, 232, 0, 0
4024, 2012, 12550, 232, 0, 0
4026, 2013, 12548, 232, 0, 0
4028, 2014, 12557, 232, 0, 0
4030, 2015, 12562, 232, 0, 0
4032, 2016, 12552, 232, 0, 0
4034, 2017, 12549, 232, 0, 0
4036, 2018, 12557, 232, 0, 0
4038, 2019, 12563, 232, 0, 0
4040, 2020, 12552, 232, 0, 0
4042, 2021, 12550, 232, 0, 0
4044, 2022, 12559, 232, 0, 0
4046, 2023, 12565, 232, 0, 0
4048, 2024, 12553, 232, 0, 0
4050, 2025, 12555, 232, 0, 0
4052, 2026, 12559, 232, 0, 0
4054, 2027, 12566, 232, 0, 0
4056, 2028, 12558, 232, 0, 0
4058, 2029, 12557, 232, 0, 0
4060, 2030, 12561, 232, 0, 0
4062, 2031, 12567, 232, 0, 0
4064, 2032, 12559, 232, 0, 0
4066, 2033, 12560, 232, 0, 0
4068, 2034, 12563, 232, 0, 0
4070, 2035, 12570, 232, 0, 0
4072, 2036, 12563, 232, 0, 0
4074, 2037, 12562, 232, 0, 0
4076, 2038, 12564, 232, 0, 0
4078, 2039, 12570, 232, 0, 0
4080, 2040, 12564, 232, 0, 0
4082, 2041, 12565, 232, 0, 0
4084, 2042, 12564, 232, 0, 0
4086, 2043, 12571, 232, 0, 0
4088, 2044, 12566, 232, 0, 0
4090, 2045, 12566, 232, 0, 0
4092, 2046, 12567, 232, 0, 0
4094, 2047, 12574, 232, 0, 0
4096, 2048, 12578, 232, 0, 0
4098, 2049, 12566, 232, 0, 0
4100, 2050, 12568, 232, 0, 0
4102, 2051, 12573, 232, 0, 0
4104, 2052, 12581, 232, 0, 0
4106, 2053, 12571, 232, 0, 0
4108, 2054, 12570, 232, 0, 0
4110, 2055, 12574, 232, 0, 0
4112, 2056, 12580, 232, 0, 0
4114, 2057, 12572, 232, 0, 0
4116, 2058, 12571, 232, 0, 0
4118, 2059, 12572, 232, 0, 0
4120, 2060, 12581, 232, 0, 0
4122, 2061, 12573, 232, 0, 0
4124, 2062, 12573, 232, 0, 0
4126, 2063, 12576, 232, 0, 0
4128, 2064, 12586, 232, 0, 0
4130, 2065, 12593, 232, 0, 0
4132, 2066, 12580, 232, 0, 0
4134, 2067, 12579, 232, 0, 0
4136, 2068, 12582, 232, 0, 0
4138, 2069, 12587, 232, 0, 0
4140, 2070, 12577, 232, 0, 0
4142, 2071, 12576, 232, 0, 0
4144, 2072, 12579, 232, 0, 0
4146, 2073, 12586, 232, 0, 0
4148, 2074, 12581, 232, 0, 0
4150, 2075, 12580, 232, 0, 0
4152, 2076, 12583, 232, 0, 0
4154, 2077, 12588, 232, 0, 0
4156, 2078, 12595, 232, 0, 0
4158, 2079, 12583, 232, 0, 0
4160, 2080, 12585, 232, 0, 0
4162, 2081, 12588, 232, 0, 0
4164, 2082, 12595, 232, 0, 0
4166, 2083, 12584, 232, 0, 0
4168, 2084, 12586, 232, 0, 0
4170, 2085, 12586, 232, 0, 0
4172, 2086, 12593, 232, 0, 0
4174, 2087, 12587, 232, 0, 0
4176, 2088, 12587, 232, 0, 0
4178, 2089, 12588, 232, 0, 0
4180, 2090, 12596, 232, 0, 0
4182, 2091, 12600, 232, 0, 0
4184, 2092, 12589, 232, 0, 0
4186, 2093, 12588, 232, 0, 0
4188, 2094, 12594, 232, 0, 0
4190, 2095, 12601, 232, 0, 0
4192, 2096, 12591, 232, 0, 0
4194, 2097, 12593, 232, 0, 0
4196, 2098, 12594, 232, 0, 0
4198, 2099, 12599, 232, 0, 0
4200, 2100, 12593, 232, 0, 0
4202, 2101, 12593, 232, 0, 0
4204, 2102, 12596, 232, 0, 0
4206, 2103, 12600, 232, 0, 0
4208, 2104, 12605, 232, 0, 0
4210, 2105, 12595, 232, 0, 0
4212, 2106, 12594, 232, 0, 0
4214, 2107, 12600, 232, 0, 0
4216, 2108, 12606, 232, 0, 0
4218, 2109, 12598, 232, 0, 0
4220, 2110, 12598, 232, 0, 0
4222, 2111, 12599, 232, 0, 0
4224, 2112, 12604, 232, 0, 0
4226, 2113, 12611, 232, 0, 0
4228, 2114, 12603, 232, 0, 0
4230, 2115, 12598, 232, 0, 0
4232, 2116, 12604, 232, 0, 0
4234, 2117, 12613, 232, 0, 0
4236, 2118, 12602, 232, 0, 0
4238, 2119, 12603, 232, 0, 0
4240, 2120, 12607, 232, 0, 0
4242, 2121, 12608, 232, 0, 0
4244, 2122, 12615, 232, 0, 0
4246, 2123, 12603, 232, 0, 0
4248, 2124, 12604, 232, 0, 0
4250, 2125, 12608, 232, 0, 0
4252, 2126, 12615, 232, 0, 0
4254, 2127, 12606, 232, 0, 0
4256, 2128, 12606, 232, 0, 0
4258, 2129, 12607, 232, 0, 0
4260, 2130, 12613, 232, 0, 0
4262, 2131, 12618, 232, 0, 0
4264, 2132, 12607, 232, 0, 0
4266, 2133, 12607, 232, 0, 0
4268, 2134, 12610, 232, 0, 0
4270, 2135, 12616, 232, 0, 0
4272, 2136, 12610, 232, 0, 0
4274, 2137, 12613, 232, 0, 0
4276, 2138, 12618, 233, 0, 0
4278, 2139, 12618, 232, 0, 0
4280, 2140, 12626, 232, 0, 0
4282, 2141, 12614, 232, 0, 0
4284, 2142, 12613, 232, 0, 0
4286, 2143, 12614, 232, 0, 0
4288, 2144, 12619, 232, 0, 0
4290, 2145, 12614, 232, 0, 0
4292, 2146, 12614, 232, 0, 0
4294, 2147, 12612, 232, 0, 0
4296, 2148, 12621, 232, 0, 0
4298, 2149, 12626, 232, 0, 0
4300, 2150, 12615, 232, 0, 0
4302, 2151, 12617, 232, 0, 0
4304, 2152, 12618, 232, 0, 0
4306, 2153, 12624, 232, 0, 0
4308, 2154, 12630, 232, 0, 0
4310, 2155, 12619, 232, 0, 0
4312, 2156, 12618, 232, 0, 0
4314, 2157, 12623, 232, 0, 0
4316, 2158, 12626, 232, 0, 0
4318, 2159, 12620, 232, 0, 0
4320, 2160, 12621, 232, 0, 0
4322, 2161, 12622, 232, 0, 0
4324, 2162, 12626, 232, 0, 0
4326, 2163, 12633, 232, 0, 0
4328, 2164, 12621, 232, 0, 0
4330, 2165, 12622, 232, 0, 0
4332, 2166, 12624, 232, 0, 0
4334, 2167, 12629, 232, 0, 0
4336, 2168, 12640, 232, 0, 0
4338, 2169, 12625, 232, 0, 0
4340, 2170, 12625, 232, 0, 0
4342, 2171, 12627, 232, 0, 0
4344, 2172, 12634, 232, 0, 0
4346, 2173, 12627, 232, 0, 0
4348, 2174, 12627, 232, 0, 0
4350, 2175, 12627, 232, 0, 0
4352, 2176, 12632, 232, 0, 0
4354, 2177, 12638, 232, 0, 0
4356, 2178, 12629, 232, 0, 0
4358, 2179, 12629, 232, 0, 0
4360, 2180, 12630, 232, 0, 0
4362, 2181, 12636, 232, 0, 0
4364, 2182, 12642, 232, 0, 0
4366, 2183, 12633, 232, 0, 0
4368, 2184, 12632, 232, 0, 0
4370, 2185, 12634, 232, 0, 0
4372, 2186, 12639, 232, 0, 0
4374, 2187, 12646, 232, 0, 0
4376, 2188, 12635, 232, 0, 0
4378, 2189, 12634, 232, 0, 0
4380, 2190, 12637, 232, 0, 0
4382, 2191, 12643, 232, 0, 0
4384, 2192, 12634, 232, 0, 0
4386, 2193, 12636, 232, 0, 0
4388, 2194, 12638, 232, 0, 0
4390, 2195, 12639, 232, 0, 0
4392, 2196, 12644, 232, 0, 0
4394, 2197, 12638, 232, 0, 0
4396, 2198, 12638, 232, 0, 0
4398, 2199, 12638, 232, 0, 0
4400, 2200, 12644, 232, 0, 0
4402, 2201, 12649, 232, 0, 0
4404, 2202, 12640, 232, 0, 0
4406, 2203, 12640, 232, 0, 0
4408, 2204, 12639, 232, 0, 0
4410, 2205, 12645, 232, 0, 0
4412, 2206, 12650, 232, 0, 0
4414, 2207, 12642, 232, 0, 0
4416, 2208, 12641, 232, 0, 0
4418, 2209, 12641, 232, 0, 0
4420, 2210, 12650, 232, 0, 0
4422, 2211, 12659, 232, 0, 0
4424, 2212, 12648, 232, 0, 0
4426, 2213, 12647, 232, 0, 0
4428, 2214, 12647, 232, 0, 0
4430, 2215, 12652, 232, 0, 0
4432, 2216, 12657, 232, 0, 0
4434, 2217, 12645, 232, 0, 0
4436, 2218, 12644, 232, 0, 0
4438, 2219, 12646, 232, 0, 0
4440, 2220, 12652, 232, 0, 0
4442, 2221, 12661, 232, 0, 0
4444, 2222, 12648, 232, 0, 0
4446, 2223, 12649, 232, 0, 0
4448, 2224, 12650, 232, 0, 0
4450, 2225, 12656, 232, 0, 0
4452, 2226, 12663, 232, 0, 0
4454, 2227, 12653, 232, 0, 0
4456, 2228, 12651, 232, 0, 0
4458, 2229, 12653, 232, 0, 0
4460, 2230, 12658, 232, 0, 0
4462, 2231, 12665, 232, 0, 0
4464, 2232, 12651, 232, 0, 0
4466, 2233, 12653, 232, 0, 0
4468, 2234, 12655, 232, 0, 0
4470, 2235, 12661, 232, 0, 0
4472, 2236, 12668, 232, 0, 0
4474, 2237, 12656, 232, 0, 0
4476, 2238, 12654, 232, 0, 0
4478, 2239, 12657, 232, 0, 0
4480, 2240, 12662, 232, 0, 0
4482, 2241, 12669, 232, 0, 0
4484, 2242, 12657, 232, 0, 0
4486, 2243, 12659, 232, 0, 0
4488, 2244, 12660, 232, 0, 0
4490, 2245, 12666, 232, 0, 0
4492, 2246, 12670, 232, 0, 0
4494, 2247, 12659, 232, 0, 0
4496, 2248, 12659, 232, 0, 0
4498, 2249, 12663, 232, 0, 0
4500, 2250, 12664, 232, 0, 0
4502, 2251, 12672, 232, 0, 0
4504, 2252, 12661, 232, 0, 0
4506, 2253, 12660, 232, 0, 0
4508, 2254, 12663, 232, 0, 0
4510, 2255, 12669, 232, 0, 0
4512, 2256, 12675, 232, 0, 0
4514, 2257, 12663, 232, 0, 0
4516, 2258, 12664, 232, 0, 0
4518, 2259, 12664, 232, 0, 0
4520, 2260, 12670, 232, 0, 0
4522, 2261, 12677, 232, 0, 0
4524, 2262, 12664, 232, 0, 0
4526, 2263, 12666, 232, 0, 0
4528, 2264, 12668, 232, 0, 0
4530, 2265, 12671, 232, 0, 0
4532, 2266, 12678, 232, 0, 0
4534, 2267, 12672, 232, 0, 0
4536, 2268, 12667, 232, 0, 0
4538, 2269, 12666, 232, 0, 0
4540, 2270, 12672, 232, 0, 0
4542, 2271, 12679, 232, 0, 0
4544, 2272, 12670, 232, 0, 0
4546, 2273, 12669, 232, 0, 0
4548, 2274, 12669, 232, 0, 0
4550, 2275, 12673, 232, 0, 0
4552, 2276, 12680, 232, 0, 0
4554, 2277, 12672, 232, 0, 0
4556, 2278, 12671, 232, 0, 0
4558, 2279, 12671, 232, 0, 0
4560, 2280, 12674, 232, 0, 0
4562, 2281, 12679, 232, 0, 0
4564, 2282, 12685, 232, 0, 0
4566, 2283, 12674, 232, 0, 0
4568, 2284, 12677, 232, 0, 0
4570, 2285, 12682, 232, 0, 0
4572, 2286, 12683, 232, 0, 0
4574, 2287, 12690, 232, 0, 0
4576, 2288, 12677, 232, 0, 0
4578, 2289, 12676, 232, 0, 0
4580, 2290, 12676, 232, 0, 0
4582, 2291, 12681, 232, 0, 0
4584, 2292, 12687, 232, 0, 0
4586, 2293, 12677, 232, 0, 0
4588, 2294, 12676, 232, 0, 0
4590, 2295, 12680, 232, 0, 0
4592, 2296, 12683, 232, 0, 0
4594, 2297, 12687, 232, 0, 0
4596, 2298, 12680, 232, 0, 0
4598, 2299, 12680, 232, 0, 0
4600, 2300, 12680, 232, 0, 0
4602, 2301, 12683, 232, 0, 0
4604, 2302, 12689, 232, 0, 0
4606, 2303, 12694, 232, 0, 0
4608, 2304, 12683, 232, 0, 0
4610, 2305, 12680, 232, 0, 0
4612, 2306, 12682, 232, 0, 0
4614, 2307, 12689, 232, 0, 0
4616, 2308, 12697, 232, 0, 0
4618, 2309, 12685, 232, 0, 0
4620, 2310, 12685, 232, 0, 0
4622, 2311, 12683, 232, 0, 0
4624, 2312, 12689, 232, 0, 0
4626, 2313, 12695, 232, 0, 0
4628, 2314, 12685, 232, 0, 0
4630, 2315, 12686, 232, 0, 0
4632, 2316, 12687, 232, 0, 0
4634, 2317, 12690, 232, 0, 0
4636, 2318, 12694, 232, 0, 0
4638, 2319, 12701, 232, 0, 0
4640, 2320, 12688, 232, 0, 0
4642, 2321, 12689, 232, 0, 0
4644, 2322, 12689, 232, 0, 0
4646, 2323, 12695, 232, 0, 0
4648, 2324, 12701, 232, 0, 0
4650, 2325, 12690, 232, 0, 0
4652, 2326, 12690, 232, 0, 0
4654, 2327, 12691, 232, 0, 0
4656, 2328, 12695, 232, 0, 0
4658, 2329, 12701, 232, 0, 0
4660, 2330, 12708, 232, 0, 0
4662, 2331, 12694, 232, 0, 0
4664, 2332, 12694, 232, 0, 0
4666, 2333, 12694, 232, 0, 0
4668, 2334, 12701, 232, 0, 0
4670, 2335, 12708, 232, 0, 0
4672, 2336, 12695, 232, 0, 0
4674, 2337, 12695, 232, 0, 0
4676, 2338, 12695, 232, 0, 0
4678, 2339, 12698, 232, 0, 0
4680, 2340, 12706, 232, 0, 0
4682, 2341, 12699, 232, 0, 0
4684, 2342, 12696, 232, 0, 0
4686, 2343, 12697, 232, 0, 0
4688, 2344, 12700, 232, 0, 0
4690, 2345, 12705, 232, 0, 0
4692, 2346, 12710, 232, 0, 0
4694, 2347, 12700, 232, 0, 0
4696, 2348, 12700, 232, 0, 0
4698, 2349, 12700, 232, 0, 0
4700, 2350, 12704, 232, 0, 0
4702, 2351, 12709, 232, 0, 0
4704, 2352, 12701, 232, 0, 0
4706, 2353, 12700, 232, 0, 0
4708, 2354, 12701, 232, 0, 0
4710, 2355, 12702, 232, 0, 0
4712, 2356, 12708, 232, 0, 0
4714, 2357, 12717, 232, 0, 0
4716, 2358, 12708, 232, 0, 0
4718, 2359, 12708, 232, 0, 0
4720, 2360, 12707, 232, 0, 0
4722, 2361, 12710, 232, 0, 0
4724, 2362, 12714, 232, 0, 0
4726, 2363, 12719, 232, 0, 0
4728, 2364, 12704, 232, 0, 0
4730, 2365, 12704, 232, 0, 0
4732, 2366, 12705, 232, 0, 0
4734, 2367, 12711, 232, 0, 0
4736, 2368, 12718, 232, 0, 0
4738, 2369, 12707, 232, 0, 0
4740, 2370, 12709, 232, 0, 0
4742, 2371, 12708, 232, 0, 0
4744, 2372, 12710, 232, 0, 0
4746, 2373, 12717, 232, 0, 0
4748, 2374, 12724, 232, 0, 0
4750, 2375, 12710, 232, 0, 0
4752, 2376, 12710, 232, 0, 0
4754, 2377, 12710, 232, 0, 0
4756, 2378, 12715, 232, 0, 0
4758, 2379, 12719, 232, 0, 0
4760, 2380, 12713, 232, 0, 0
4762, 2381, 12712, 232, 0, 0
4764, 2382, 12712, 232, 0, 0
4766, 2383, 12714, 232, 0, 0
4768, 2384, 12720, 232, 0, 0
4770, 2385, 12723, 232, 0, 0
4772, 2386, 12714, 232, 0, 0
4774, 2387, 12715, 232, 0, 0
4776, 2388, 12714, 232, 0, 0
4778, 2389, 12718, 232, 0, 0
4780, 2390, 12722, 232, 0, 0
4782, 2391, 12730, 232, 0, 0
4784, 2392, 12717, 232, 0, 0
4786, 2393, 12716, 232, 0, 0
4788, 2394, 12716, 232, 0, 0
4790, 2395, 12720, 232, 0, 0
4792, 2396, 12729, 232, 0, 0
4794, 2397, 12733, 232, 0, 0
4796, 2398, 12717, 232, 0, 0
4798, 2399, 12718, 232, 0, 0
4800, 2400, 12718, 232, 0, 0
4802, 2401, 12725, 232, 0, 0
4804, 2402, 12730, 232, 0, 0
4806, 2403, 12721, 232, 0, 0
4808, 2404, 12720, 232, 0, 0
4810, 2405, 12721, 232, 0, 0
4812, 2406, 12722, 232, 0, 0
4814, 2407, 12728, 232, 0, 0
4816, 2408, 12737, 232, 0, 0
4818, 2409, 12721, 232, 0, 0
4820, 2410, 12723, 232, 0, 0
4822, 2411, 12725, 232, 0, 0
4824, 2412, 12725, 232, 0, 0
4826, 2413, 12731, 232, 0, 0
4828, 2414, 12741, 232, 0, 0
4830, 2415, 12724, 232, 0, 0
4832, 2416, 12723, 232, 0, 0
4834, 2417, 12724, 232, 0, 0
4836, 2418, 12728, 232, 0, 0
4838, 2419, 12733, 232, 0, 0
4840, 2420, 12739, 232, 0, 0
4842, 2421, 12727, 232, 0, 0
4844, 2422, 12726, 232, 0, 0
4846, 2423, 12727, 232, 0, 0
4848, 2424, 12731, 232, 0, 0
4850, 2425, 12736, 232, 0, 0
4852, 2426, 12742, 232, 0, 0
4854, 2427, 12728, 232, 0, 0
4856, 2428, 12728, 232, 0, 0
4858, 2429, 12727, 232, 0, 0
4860, 2430, 12734, 232, 0, 0
4862, 2431, 12742, 232, 0, 0
4864, 2432, 12752, 232, 0, 0
4866, 2433, 12733, 232, 0, 0
4868, 2434, 12734, 232, 0, 0
4870, 2435, 12732, 232, 0, 0
4872, 2436, 12737, 232, 0, 0
4874, 2437, 12741, 232, 0, 0
4876, 2438, 12746, 232, 0, 0
4878, 2439, 12732, 232, 0, 0
4880, 2440, 12733, 232, 0, 0
4882, 2441, 12731, 232, 0, 0
4884, 2442, 12740, 232, 0, 0
4886, 2443, 12744, 232, 0, 0
4888, 2444, 12734, 232, 0, 0
4890, 2445, 12735, 232, 0, 0
4892, 2446, 12736, 232, 0, 0
4894, 2447, 12735, 232, 0, 0
4896, 2448, 12741, 232, 0, 0
4898, 2449, 12747, 232, 0, 0
4900, 2450, 12737, 232, 0, 0
4902, 2451, 12738, 232, 0, 0
4904, 2452, 12735, 232, 0, 0
4906, 2453, 12736, 232, 0, 0
4908, 2454, 12743, 232, 0, 0
4910, 2455, 12750, 232, 0, 0
4912, 2456, 12753, 232, 0, 0
4914, 2457, 12740, 232, 0, 0
4916, 2458, 12738, 232, 0, 0
4918, 2459, 12740, 232, 0, 0
4920, 2460, 12745, 232, 0, 0
4922, 2461, 12749, 232, 0, 0
4924, 2462, 12758, 232, 0, 0
4926, 2463, 12740, 232, 0, 0
4928, 2464, 12742, 232, 0, 0
4930, 2465, 12740, 232, 0, 0
4932, 2466, 12747, 232, 0, 0
4934, 2467, 12752, 232, 0, 0
4936, 2468, 12758, 232, 0, 0
4938, 2469, 12744, 232, 0, 0
4940, 2470, 12744, 232, 0, 0
4942, 2471, 12744, 232, 0, 0
4944, 2472, 12748, 232, 0, 0
4946, 2473, 12754, 232, 0, 0
4948, 2474, 12759, 232, 0, 0
4950, 2475, 12746, 232, 0, 0
4952, 2476, 12746, 232, 0, 0
4954, 2477, 12748, 232, 0, 0
4956, 2478, 12750, 232, 0, 0
4958, 2479, 12756, 232, 0, 0
4960, 2480, 12761, 232, 0, 0
4962, 2481, 12748, 232, 0, 0
4964, 2482, 12749, 232, 0, 0
4966, 2483, 12748, 232, 0, 0
4968, 2484, 12751, 232, 0, 0
4970, 2485, 12757, 232, 0, 0
4972, 2486, 12760, 232, 0, 0
4974, 2487, 12751, 232, 0, 0
4976, 2488, 12752, 232, 0, 0
4978, 2489, 12749, 232, 0, 0
4980, 2490, 12751, 232, 0, 0
4982, 2491, 12758, 232, 0, 0
4984, 2492, 12763, 232, 0, 0
4986, 2493, 12754, 232, 0, 0
4988, 2494, 12753, 232, 0, 0
4990, 2495, 12753, 232, 0, 0
4992, 2496, 12753, 232, 0, 0
4994, 2497, 12758, 232, 0, 0
4996, 2498, 12764, 232, 0, 0
4998, 2499, 12769, 232, 0, 0
5000, 2500, 12753, 232, 0, 0


nios2-terminal: exiting due to ^C on host
